%  columns="iteration, evaluation, fitness, void, void, xrecentbest" (startseed=207458, 2018/01/24 18:3:10.59)
1 9  1.192202758107929000e+03 0 0 1.076156e+00 -1.184412e-01 -7.395570e-01 -4.479750e-01 -9.572966e-01 
2 17  1.116985578420840500e+03 0 0 6.370974e-01 -5.649958e-01 5.813447e-01 -1.243465e+00 -6.865078e-01 
3 25  1.099521875969466200e+03 0 0 5.910827e-01 -3.699502e-01 7.874150e-01 -3.393085e-01 4.658702e-01 
4 33  1.089688119523129000e+03 0 0 6.039710e-01 -4.969760e-01 9.265287e-01 6.362257e-02 7.804268e-01 
5 41  1.025966087201978600e+03 0 0 1.192876e+00 -3.001537e-01 2.292037e+00 6.338907e-02 5.396863e-01 
6 49  1.015625271071130100e+03 0 0 1.242302e+00 -5.196285e-01 2.018536e+00 -5.790800e-01 7.876535e-01 
7 57  9.751535652270074500e+02 0 0 1.980464e+00 3.894836e-02 2.581685e+00 -4.653786e-01 1.356335e+00 
8 65  9.769077689365505000e+02 0 0 1.906449e+00 -2.709792e-01 2.054935e+00 1.021986e-01 1.407025e+00 
9 73  9.743954229539735900e+02 0 0 3.128312e+00 -4.131085e-01 3.369099e+00 -8.638793e-03 1.372325e+00 
10 81  9.729205484617068600e+02 0 0 1.717387e+00 -8.559378e-02 2.650330e+00 -1.714003e-02 1.287322e+00 
11 89  9.754499768795035400e+02 0 0 1.432839e+00 -5.720720e-01 1.660467e+00 -3.490970e-01 1.587507e+00 
12 97  9.763231546594059900e+02 0 0 1.183376e+00 -2.801894e-01 2.722898e+00 -1.681703e-01 1.986745e+00 
13 105  9.735586429364018400e+02 0 0 2.054516e+00 -9.762104e-02 1.953568e+00 -9.108669e-01 1.303621e+00 
14 113  9.746853780139256300e+02 0 0 1.788643e+00 1.109885e-02 2.092546e+00 -2.749084e-01 1.378799e+00 
15 121  9.789899325298296200e+02 0 0 1.606362e+00 1.222950e-01 1.793855e+00 1.076335e-01 1.413501e+00 
16 129  9.745155735362697000e+02 0 0 1.364663e+00 -3.453417e-02 1.820784e+00 5.253047e-03 1.563565e+00 
17 137  9.776928535102357500e+02 0 0 1.847402e+00 -1.732418e-01 2.031435e+00 -3.864586e-01 1.643064e+00 
18 145  9.772434158762799800e+02 0 0 1.597942e+00 -5.844485e-02 1.926071e+00 -2.101039e-01 1.694440e+00 
19 153  9.746602437703817300e+02 0 0 1.727743e+00 -1.748766e-01 2.180216e+00 -2.686452e-01 1.425637e+00 
20 161  9.765070197277067300e+02 0 0 1.482209e+00 1.836168e-02 2.183487e+00 -6.090093e-02 1.647655e+00 
21 169  9.758106984461927600e+02 0 0 1.829358e+00 -1.065928e-01 1.967908e+00 -1.396238e-01 1.488528e+00 
22 177  9.716473501891371100e+02 0 0 1.970250e+00 -1.554961e-01 1.541615e+00 -4.704180e-02 1.386649e+00 
23 185  9.733955796221325700e+02 0 0 1.733756e+00 -1.438351e-01 1.700238e+00 1.051249e-02 1.394171e+00 
24 193  9.737839258300865600e+02 0 0 1.766234e+00 -1.539877e-01 1.571090e+00 -2.186105e-02 1.549453e+00 
25 201  9.715386284255196200e+02 0 0 1.841449e+00 -8.622875e-02 1.479778e+00 -5.892630e-02 1.435149e+00 
26 209  9.719709033977792400e+02 0 0 1.860567e+00 -7.251268e-02 1.548941e+00 -6.037435e-02 1.406410e+00 
27 217  9.702980696645386200e+02 0 0 1.789411e+00 -1.546778e-01 1.627286e+00 3.110667e-03 1.228423e+00 
28 225  9.714568611961158200e+02 0 0 1.897094e+00 -1.808804e-02 1.491230e+00 -2.848677e-02 1.417800e+00 
29 233  9.721394465806071100e+02 0 0 1.832270e+00 -9.381350e-02 1.508183e+00 -1.021682e-01 1.458100e+00 
30 241  9.717554893076040800e+02 0 0 1.927043e+00 -7.675487e-02 1.568302e+00 3.616826e-04 1.370136e+00 
31 249  9.717628344052784500e+02 0 0 1.845901e+00 -3.808059e-02 1.604512e+00 6.139058e-03 1.327413e+00 
32 257  9.719597471754733500e+02 0 0 1.920623e+00 -8.919415e-03 1.566864e+00 1.179803e-02 1.369043e+00 
33 265  9.623105560900855800e+02 0 0 1.913204e+00 -4.042532e-02 1.507845e+00 9.001956e-03 1.350280e+00 
34 273  9.637180611529936400e+02 0 0 1.898740e+00 -2.633333e-02 1.503837e+00 1.405415e-02 1.340698e+00 
35 281  9.649543312229726600e+02 0 0 1.887216e+00 -2.739865e-02 1.568287e+00 6.277068e-05 1.339140e+00 
36 289  9.722715054393418100e+02 0 0 1.870509e+00 -4.609454e-02 1.540901e+00 -4.828459e-02 1.352481e+00 
37 297  9.716384415974005200e+02 0 0 1.875327e+00 -8.302627e-03 1.549374e+00 -1.927847e-02 1.378712e+00 
38 305  9.715320915258646400e+02 0 0 1.874295e+00 2.845958e-04 1.509919e+00 -5.109960e-03 1.406049e+00 
39 313  9.685224957331130300e+02 0 0 1.908161e+00 4.317580e-03 1.487456e+00 9.208847e-03 1.357126e+00 
40 321  9.645757542420082000e+02 0 0 1.927530e+00 -2.229266e-02 1.482708e+00 1.146769e-02 1.350213e+00 
41 329  9.657253138095867400e+02 0 0 1.933163e+00 -2.867870e-02 1.413648e+00 1.005040e-02 1.416470e+00 
42 337  9.674677434132104300e+02 0 0 1.908960e+00 -4.948863e-02 1.485507e+00 1.503379e-03 1.396794e+00 
43 345  9.711517979139706500e+02 0 0 1.900521e+00 -3.700569e-02 1.455675e+00 2.389727e-02 1.379310e+00 
44 353  9.676840200521439800e+02 0 0 1.886821e+00 -5.144460e-02 1.427700e+00 2.467314e-02 1.366967e+00 
45 361  9.694303839792600000e+02 0 0 1.920207e+00 -4.610564e-02 1.420902e+00 1.509996e-02 1.359535e+00 
46 369  9.650699509395187800e+02 0 0 1.889731e+00 -1.819903e-02 1.419516e+00 6.624816e-03 1.431061e+00 
47 377  9.647958986562407500e+02 0 0 1.932790e+00 -1.810532e-02 1.411615e+00 1.084460e-02 1.423022e+00 
48 385  9.626139090108650900e+02 0 0 1.902113e+00 -3.401648e-02 1.460451e+00 8.486276e-03 1.397214e+00 
49 393  9.641758307327679600e+02 0 0 1.916425e+00 -1.428340e-03 1.460940e+00 8.587958e-03 1.417773e+00 
50 401  9.653693898237875100e+02 0 0 1.917698e+00 -6.187206e-03 1.449731e+00 7.203222e-03 1.395584e+00 
51 409  9.645160041099954900e+02 0 0 1.912300e+00 -1.764879e-02 1.440856e+00 1.579262e-02 1.399147e+00 
52 417  9.599124273575961300e+02 0 0 1.905037e+00 -1.085737e-02 1.461411e+00 2.664469e-03 1.431786e+00 
53 425  9.626257837359457900e+02 0 0 1.871752e+00 -9.050663e-03 1.462555e+00 9.455301e-03 1.407394e+00 
54 433  9.642170371930545800e+02 0 0 1.888461e+00 -1.835280e-02 1.447581e+00 1.508718e-02 1.394028e+00 
55 441  9.620943812749818600e+02 0 0 1.907605e+00 -1.680395e-02 1.434036e+00 7.992060e-03 1.429392e+00 
56 449  9.621093519780348500e+02 0 0 1.884122e+00 -2.223541e-02 1.467452e+00 9.370562e-03 1.396818e+00 
57 457  9.625250453616698700e+02 0 0 1.886630e+00 -2.175366e-03 1.465123e+00 7.062621e-03 1.397402e+00 
58 465  9.611880190034366900e+02 0 0 1.919411e+00 4.250790e-03 1.458056e+00 9.856498e-03 1.421247e+00 
59 473  9.626665349977375900e+02 0 0 1.918157e+00 3.653101e-03 1.442876e+00 1.371590e-02 1.416614e+00 
60 481  9.615070365591925600e+02 0 0 1.906149e+00 -1.057239e-03 1.442500e+00 7.425359e-03 1.428297e+00 
61 489  9.621790106962371300e+02 0 0 1.901232e+00 -5.828744e-03 1.439852e+00 5.300996e-03 1.432233e+00 
62 497  9.610985639897968400e+02 0 0 1.909213e+00 -8.609338e-03 1.448624e+00 6.557838e-03 1.428680e+00 
63 505  9.611994522226531200e+02 0 0 1.916115e+00 -1.012681e-03 1.452840e+00 5.488335e-03 1.432884e+00 
64 513  9.605959452948176200e+02 0 0 1.924435e+00 -6.765854e-03 1.449644e+00 3.522153e-03 1.437247e+00 
65 521  9.598475612724852200e+02 0 0 1.909715e+00 -6.433706e-03 1.463004e+00 2.680918e-03 1.430362e+00 
66 529  9.603356825509790700e+02 0 0 1.928805e+00 -1.043720e-02 1.455738e+00 2.874427e-03 1.435014e+00 
67 537  9.588665388924156300e+02 0 0 1.925499e+00 -9.206420e-03 1.466082e+00 5.900016e-04 1.439433e+00 
68 545  9.607702591404416800e+02 0 0 1.918553e+00 -2.712443e-03 1.445791e+00 5.348803e-03 1.434447e+00 
69 553  9.598845198264980400e+02 0 0 1.921881e+00 -4.033534e-03 1.453464e+00 3.037774e-03 1.441033e+00 
70 561  9.602735297098574800e+02 0 0 1.919789e+00 -9.070866e-03 1.455946e+00 4.102477e-03 1.433729e+00 
71 569  9.592604171196003300e+02 0 0 1.923072e+00 -2.779585e-03 1.458804e+00 1.002823e-03 1.443786e+00 
72 577  9.592902750729908800e+02 0 0 1.924985e+00 -3.156827e-03 1.455382e+00 1.604511e-03 1.444490e+00 
73 585  9.607950257123517300e+02 0 0 1.924060e+00 -9.171648e-03 1.454477e+00 3.283289e-03 1.440934e+00 
74 593  9.599717910125668800e+02 0 0 1.924830e+00 -1.096028e-02 1.452633e+00 2.483476e-03 1.445157e+00 
75 601  9.599913039443434900e+02 0 0 1.924893e+00 -1.069193e-02 1.451878e+00 3.488536e-03 1.438603e+00 
76 609  9.599793196256902100e+02 0 0 1.920489e+00 -7.785963e-03 1.453065e+00 3.032395e-03 1.438488e+00 
77 617  9.594595906826734800e+02 0 0 1.921213e+00 -7.466714e-03 1.454182e+00 1.946085e-03 1.443735e+00 
78 625  9.595722960821799500e+02 0 0 1.921686e+00 -8.006137e-03 1.451517e+00 2.372490e-03 1.444431e+00 
79 633  9.593051180239981500e+02 0 0 1.921997e+00 -6.445657e-03 1.456181e+00 9.242496e-04 1.446745e+00 
80 641  9.592056454410098900e+02 0 0 1.920278e+00 -8.544632e-03 1.452654e+00 1.501984e-03 1.448113e+00 
81 649  9.593327277169535100e+02 0 0 1.919893e+00 -2.321841e-03 1.452808e+00 7.098122e-04 1.451263e+00 
82 657  9.594426625736209600e+02 0 0 1.920976e+00 -5.120514e-03 1.454557e+00 1.798297e-03 1.443975e+00 
83 665  9.591393477770203600e+02 0 0 1.916161e+00 -4.107486e-03 1.456141e+00 5.358620e-04 1.449067e+00 
84 673  9.590129222928383100e+02 0 0 1.916757e+00 -4.989467e-03 1.454991e+00 9.678315e-04 1.448318e+00 
85 681  9.590500060966519400e+02 0 0 1.917021e+00 -5.632731e-03 1.456470e+00 7.819090e-04 1.448314e+00 
86 689  9.591358025995791600e+02 0 0 1.918228e+00 -4.453749e-03 1.454867e+00 8.821278e-04 1.449511e+00 
87 697  9.593029232658677800e+02 0 0 1.912927e+00 -3.839506e-03 1.456145e+00 1.746285e-03 1.443292e+00 
88 705  9.589555819645662500e+02 0 0 1.912941e+00 -4.336802e-03 1.455418e+00 8.035924e-04 1.448733e+00 
89 713  9.589211140680030200e+02 0 0 1.915502e+00 -4.679993e-03 1.453382e+00 7.325756e-04 1.451158e+00 
90 721  9.592212300640933300e+02 0 0 1.917893e+00 -5.580389e-03 1.452632e+00 1.332378e-03 1.448565e+00 
91 729  9.590704514997089500e+02 0 0 1.912319e+00 -3.198120e-03 1.454845e+00 5.114980e-04 1.450560e+00 
92 737  9.591277311107209000e+02 0 0 1.915874e+00 -1.328473e-03 1.452317e+00 9.633356e-04 1.450726e+00 
93 745  9.594239249459326400e+02 0 0 1.912665e+00 -2.633257e-03 1.457489e+00 4.828947e-04 1.447829e+00 
94 753  9.591046872646065800e+02 0 0 1.911147e+00 -2.737452e-03 1.455639e+00 1.197130e-03 1.446463e+00 
95 761  9.590711754636003000e+02 0 0 1.910302e+00 -1.964620e-03 1.455643e+00 8.751977e-04 1.448698e+00 
96 769  9.590056434647164000e+02 0 0 1.911099e+00 -1.310300e-03 1.454202e+00 9.956431e-04 1.449150e+00 
97 777  9.589530291013474000e+02 0 0 1.909507e+00 -9.608010e-04 1.454724e+00 8.407596e-04 1.449300e+00 
98 785  9.589961161405979100e+02 0 0 1.908234e+00 -2.379114e-04 1.456948e+00 9.194037e-04 1.446604e+00 
99 793  9.590155301344963200e+02 0 0 1.906349e+00 -6.914702e-04 1.456373e+00 1.030410e-03 1.446824e+00 
100 801  9.593381706370453200e+02 0 0 1.906404e+00 -1.249069e-03 1.455393e+00 1.102520e-03 1.448147e+00 
101 809  9.590307676689379800e+02 0 0 1.904264e+00 2.322023e-04 1.459291e+00 1.108033e-03 1.445040e+00 
102 817  9.590328765013973700e+02 0 0 1.904714e+00 -1.158882e-03 1.456916e+00 1.058930e-03 1.446038e+00 
103 825  9.591291406987314800e+02 0 0 1.905890e+00 -1.192099e-03 1.456058e+00 1.314457e-03 1.445659e+00 
104 833  9.588953026123003800e+02 0 0 1.905018e+00 -2.519334e-03 1.459630e+00 7.288960e-04 1.445148e+00 
105 841  9.589380705051052000e+02 0 0 1.903052e+00 -2.950175e-03 1.460515e+00 8.325453e-04 1.443634e+00 
106 849  9.590104630579269300e+02 0 0 1.902798e+00 -4.497072e-03 1.461538e+00 1.045415e-03 1.441673e+00 
107 857  9.588349651231286500e+02 0 0 1.899987e+00 -2.383482e-03 1.465281e+00 3.538081e-04 1.441427e+00 
108 865  9.590893332785561800e+02 0 0 1.898112e+00 -1.345355e-03 1.461146e+00 1.238551e-03 1.441140e+00 
109 873  9.591264106114123300e+02 0 0 1.900685e+00 -4.945010e-03 1.460759e+00 1.334578e-03 1.440941e+00 
110 881  9.590296571079441000e+02 0 0 1.894933e+00 -3.684221e-03 1.463771e+00 1.076421e-03 1.439140e+00 
111 889  9.590830780768627600e+02 0 0 1.892706e+00 -4.943048e-03 1.466700e+00 1.178290e-03 1.435970e+00 
112 897  9.591331161905877700e+02 0 0 1.891058e+00 -6.023692e-03 1.467920e+00 1.291393e-03 1.433676e+00 
113 905  9.589838913584858300e+02 0 0 1.893009e+00 -5.863807e-03 1.467175e+00 7.113591e-04 1.437313e+00 
114 913  9.588691008757840600e+02 0 0 1.896044e+00 -3.611286e-03 1.466386e+00 6.719505e-04 1.438589e+00 
115 921  9.589208964880507400e+02 0 0 1.894085e+00 -1.613299e-03 1.464034e+00 7.770420e-04 1.440536e+00 
116 929  9.591078715680258700e+02 0 0 1.893063e+00 -1.629692e-03 1.465145e+00 1.304658e-03 1.436744e+00 
117 937  9.591113469481856600e+02 0 0 1.893490e+00 -5.360220e-03 1.465143e+00 1.270449e-03 1.436671e+00 
118 945  9.590189804387812300e+02 0 0 1.896451e+00 -4.377272e-03 1.463426e+00 1.056601e-03 1.439634e+00 
119 953  9.589053024452299500e+02 0 0 1.886054e+00 -1.927740e-03 1.470199e+00 7.287017e-04 1.434626e+00 
120 961  9.590305892958886000e+02 0 0 1.892265e+00 -2.030144e-03 1.465610e+00 5.714915e-04 1.439502e+00 
121 969  9.589302444939172600e+02 0 0 1.891351e+00 -2.947999e-03 1.467674e+00 8.322821e-04 1.436486e+00 
122 977  9.588849184038923600e+02 0 0 1.889159e+00 -4.622345e-03 1.468331e+00 6.981984e-04 1.436413e+00 
123 985  9.589049030963860800e+02 0 0 1.884776e+00 -4.333238e-03 1.471816e+00 6.908111e-04 1.433226e+00 
124 993  9.588104194358406900e+02 0 0 1.888306e+00 -4.165894e-03 1.471159e+00 5.327666e-04 1.434523e+00 
125 1001  9.588572640539551900e+02 0 0 1.889508e+00 -2.173337e-03 1.469540e+00 6.057956e-04 1.435877e+00 
126 1009  9.588053928570734600e+02 0 0 1.888178e+00 -2.313255e-03 1.470062e+00 4.772676e-04 1.435810e+00 
127 1017  9.588325333057518900e+02 0 0 1.884074e+00 -2.768157e-03 1.471807e+00 5.761363e-04 1.433581e+00 
128 1025  9.587172492294724900e+02 0 0 1.884821e+00 -2.401438e-03 1.472071e+00 2.689739e-04 1.434973e+00 
129 1033  9.588256697458982700e+02 0 0 1.885535e+00 -9.489510e-04 1.472278e+00 2.285702e-04 1.435036e+00 
130 1041  9.587607843056341600e+02 0 0 1.883379e+00 -2.109201e-03 1.471153e+00 3.016827e-04 1.435614e+00 
131 1049  9.587371279094181800e+02 0 0 1.884310e+00 -4.674909e-03 1.471709e+00 3.457748e-04 1.434922e+00 
132 1057  9.587990067571362300e+02 0 0 1.886382e+00 -2.955324e-03 1.469483e+00 4.896995e-04 1.436369e+00 
133 1065  9.587191667186754100e+02 0 0 1.883137e+00 -1.541656e-03 1.471938e+00 1.665624e-04 1.435537e+00 
134 1073  9.587125876016166300e+02 0 0 1.883865e+00 -1.921833e-03 1.472276e+00 2.767568e-04 1.434674e+00 
135 1081  9.586999074167123400e+02 0 0 1.882265e+00 -2.052241e-03 1.472915e+00 2.547682e-04 1.434189e+00 
136 1089  9.586962675777917900e+02 0 0 1.883583e+00 -1.928333e-03 1.472657e+00 1.122909e-04 1.435167e+00 
137 1097  9.587114900808437600e+02 0 0 1.883406e+00 -2.051692e-03 1.472948e+00 2.355325e-04 1.434184e+00 
138 1105  9.586863786330767400e+02 0 0 1.882635e+00 -1.984399e-03 1.473089e+00 1.366658e-04 1.434553e+00 
139 1113  9.586893650486794100e+02 0 0 1.883610e+00 -1.615356e-03 1.472501e+00 1.407411e-04 1.435119e+00 
140 1121  9.586756762548878900e+02 0 0 1.884592e+00 -1.709268e-03 1.472515e+00 1.864642e-04 1.434909e+00 
141 1129  9.587116658732611500e+02 0 0 1.882132e+00 -3.000921e-03 1.473433e+00 2.469329e-04 1.433641e+00 
142 1137  9.587016389843222400e+02 0 0 1.881963e+00 -1.999466e-03 1.473319e+00 2.327582e-04 1.433903e+00 
143 1145  9.586781556457853000e+02 0 0 1.882674e+00 -1.478723e-03 1.473376e+00 1.275730e-04 1.434367e+00 
144 1153  9.586593518352333400e+02 0 0 1.881895e+00 -1.679301e-03 1.473554e+00 1.480225e-04 1.434069e+00 
145 1161  9.586512129623521300e+02 0 0 1.881317e+00 -2.004210e-04 1.473487e+00 1.271945e-04 1.434243e+00 
146 1169  9.586520083324165900e+02 0 0 1.881262e+00 -3.679053e-04 1.473090e+00 1.240732e-04 1.434641e+00 
147 1177  9.586261136705737700e+02 0 0 1.881332e+00 -1.665896e-04 1.473670e+00 6.185033e-05 1.434385e+00 
148 1185  9.586687906814739800e+02 0 0 1.879982e+00 -1.606328e-04 1.473652e+00 1.742864e-04 1.433848e+00 
149 1193  9.586362653989301600e+02 0 0 1.880922e+00 -1.417777e-04 1.473460e+00 8.532057e-05 1.434469e+00 
150 1201  9.586474076342725500e+02 0 0 1.880509e+00 -4.015977e-05 1.473825e+00 1.100644e-04 1.433968e+00 
151 1209  9.589745444419138500e+02 0 0 1.880524e+00 -5.110890e-04 1.474071e+00 1.104067e-04 1.433808e+00 
152 1217  9.586283881726857300e+02 0 0 1.881138e+00 -1.427691e-05 1.474028e+00 6.835954e-05 1.433992e+00 
153 1225  9.586351010615203400e+02 0 0 1.880418e+00 -2.471735e-05 1.473882e+00 8.350283e-05 1.434057e+00 
154 1233  9.586509290936262500e+02 0 0 1.880921e+00 -4.798926e-04 1.474059e+00 1.264758e-04 1.433669e+00 
155 1241  9.586727464484022200e+02 0 0 1.880481e+00 -3.644630e-04 1.473956e+00 1.837299e-04 1.433487e+00 
156 1249  9.586795940669459200e+02 0 0 1.881310e+00 -8.386857e-04 1.473805e+00 1.999784e-04 1.433553e+00 
157 1257  9.586577560016205600e+02 0 0 1.881417e+00 -5.915845e-04 1.473740e+00 1.396706e-04 1.433934e+00 
158 1265  9.586482245726336900e+02 0 0 1.881099e+00 -6.160529e-04 1.473952e+00 1.115841e-04 1.433831e+00 
159 1273  9.586560924034090500e+02 0 0 1.881302e+00 -7.053443e-04 1.473832e+00 1.336965e-04 1.433842e+00 
160 1281  9.586617150028524700e+02 0 0 1.880738e+00 -1.963733e-04 1.473846e+00 1.565307e-04 1.433743e+00 
161 1289  9.586559113986419300e+02 0 0 1.880486e+00 -6.177034e-04 1.474144e+00 1.340985e-04 1.433529e+00 
162 1297  9.586477523093943800e+02 0 0 1.880036e+00 -3.380202e-04 1.474504e+00 1.162754e-04 1.433266e+00 
163 1305  9.586382566078277700e+02 0 0 1.878395e+00 -5.608760e-04 1.475363e+00 9.547048e-05 1.432518e+00 
164 1313  9.586234980951659300e+02 0 0 1.879738e+00 -2.304866e-04 1.474896e+00 5.725342e-05 1.433179e+00 
165 1321  9.586356488993656100e+02 0 0 1.879809e+00 -5.336775e-04 1.475082e+00 8.864599e-05 1.432834e+00 
166 1329  9.586416483882950400e+02 0 0 1.879782e+00 -3.826965e-04 1.474899e+00 8.793009e-05 1.433006e+00 
167 1337  9.586456501817710900e+02 0 0 1.879866e+00 -4.964627e-04 1.474831e+00 1.093770e-04 1.432968e+00 
168 1345  9.586250095943200900e+02 0 0 1.881254e+00 -6.675935e-04 1.474579e+00 5.981871e-05 1.433482e+00 
169 1353  9.586284268896512200e+02 0 0 1.879291e+00 -6.174424e-04 1.475463e+00 7.233189e-05 1.432541e+00 
170 1361  9.586354524685464200e+02 0 0 1.879175e+00 -5.050337e-04 1.475557e+00 9.120392e-05 1.432354e+00 
171 1369  9.586318096724688800e+02 0 0 1.879520e+00 -7.092099e-04 1.475369e+00 7.639867e-05 1.432602e+00 
172 1377  9.586294358881964400e+02 0 0 1.878394e+00 -6.915057e-04 1.475883e+00 7.263276e-05 1.432110e+00 
173 1385  9.586237444840610400e+02 0 0 1.878449e+00 -4.854412e-04 1.475631e+00 5.512713e-05 1.432447e+00 
174 1393  9.586205817061082800e+02 0 0 1.878007e+00 -3.018749e-04 1.475906e+00 5.166385e-05 1.432197e+00 
175 1401  9.586249290901713500e+02 0 0 1.878418e+00 -3.604945e-04 1.475668e+00 6.262313e-05 1.432380e+00 
176 1409  9.586233545670355600e+02 0 0 1.877505e+00 -2.738741e-04 1.475946e+00 5.515693e-05 1.432132e+00 
177 1417  9.586257823662020900e+02 0 0 1.878139e+00 -2.866880e-04 1.475702e+00 5.916531e-05 1.432353e+00 
178 1425  9.586282281397643600e+02 0 0 1.877313e+00 -2.325824e-04 1.475896e+00 6.534827e-05 1.432127e+00 
179 1433  9.586237218122411200e+02 0 0 1.876764e+00 -2.806097e-04 1.475984e+00 5.847849e-05 1.432081e+00 
180 1441  9.586258610368233800e+02 0 0 1.877216e+00 1.231274e-06 1.475759e+00 6.691270e-05 1.432276e+00 
181 1449  9.586198565733739100e+02 0 0 1.877077e+00 -2.031228e-04 1.475851e+00 4.409634e-05 1.432282e+00 
182 1457  9.586211331314858600e+02 0 0 1.876101e+00 -2.166204e-04 1.476187e+00 5.184750e-05 1.431911e+00 
183 1465  9.586215007281878100e+02 0 0 1.877150e+00 -3.091917e-04 1.475924e+00 5.078674e-05 1.432177e+00 
184 1473  9.586233340062427700e+02 0 0 1.876045e+00 -3.325850e-04 1.476538e+00 5.843995e-05 1.431527e+00 
185 1481  9.586234150129771500e+02 0 0 1.875705e+00 -2.344646e-04 1.476653e+00 5.897212e-05 1.431409e+00 
186 1489  9.586279491573712900e+02 0 0 1.875958e+00 -1.921783e-04 1.476366e+00 6.619093e-05 1.431653e+00 
187 1497  9.586212719716177200e+02 0 0 1.875102e+00 -6.599536e-05 1.476449e+00 4.848319e-05 1.431661e+00 
188 1505  9.586174347275307400e+02 0 0 1.875621e+00 -2.714293e-04 1.476276e+00 4.387139e-05 1.431865e+00 
189 1513  9.586167416796003000e+02 0 0 1.875156e+00 -3.675089e-04 1.476501e+00 4.375680e-05 1.431643e+00 
190 1521  9.586129831357050100e+02 0 0 1.875497e+00 -3.909765e-04 1.476302e+00 2.937396e-05 1.431909e+00 
191 1529  9.586200819995051500e+02 0 0 1.874872e+00 -4.694286e-04 1.476658e+00 5.287276e-05 1.431441e+00 
192 1537  9.586249777395053100e+02 0 0 1.875188e+00 -4.004617e-04 1.476229e+00 5.288402e-05 1.431859e+00 
193 1545  9.586171216800682900e+02 0 0 1.872699e+00 -1.802854e-04 1.477308e+00 4.067921e-05 1.430843e+00 
194 1553  9.586373778127674500e+02 0 0 1.873429e+00 -1.091763e-03 1.477658e+00 5.045743e-05 1.430440e+00 
195 1561  9.586192105262030100e+02 0 0 1.871745e+00 -8.794188e-04 1.478264e+00 4.472014e-05 1.429877e+00 
196 1569  9.586254038003346500e+02 0 0 1.870878e+00 -9.884664e-04 1.478555e+00 7.031789e-05 1.429454e+00 
197 1577  9.586212271408272700e+02 0 0 1.869241e+00 -4.330289e-04 1.479114e+00 5.953272e-05 1.428946e+00 
198 1585  9.586281968807752500e+02 0 0 1.869504e+00 -8.684189e-04 1.478854e+00 7.365026e-05 1.429129e+00 
199 1593  9.586402562900583500e+02 0 0 1.870431e+00 -9.382691e-04 1.479001e+00 1.118743e-04 1.428808e+00 
200 1601  9.586350446159070800e+02 0 0 1.867870e+00 -9.300212e-04 1.479114e+00 3.593201e-05 1.429072e+00 
201 1609  9.586359911172487500e+02 0 0 1.870282e+00 -5.194006e-04 1.478233e+00 7.077611e-05 1.429782e+00 
202 1617  9.586056274155794200e+02 0 0 1.867583e+00 -1.010179e-03 1.478792e+00 1.989963e-05 1.429471e+00 
203 1625  9.586193253377823600e+02 0 0 1.869273e+00 -8.358174e-04 1.478783e+00 5.305139e-05 1.429309e+00 
204 1633  9.586342993991224800e+02 0 0 1.868133e+00 -1.151128e-03 1.479546e+00 8.883209e-05 1.428355e+00 
205 1641  9.586249335372219800e+02 0 0 1.864892e+00 -2.373603e-03 1.481741e+00 7.191156e-05 1.426251e+00 
206 1649  9.586207032414515700e+02 0 0 1.867845e+00 -1.066540e-03 1.478957e+00 5.740708e-05 1.429114e+00 
207 1657  9.586023963807331300e+02 0 0 1.858826e+00 -3.304912e-03 1.482938e+00 2.041748e-05 1.425321e+00 
208 1665  9.586489365842331800e+02 0 0 1.861341e+00 -2.500785e-03 1.481375e+00 1.337620e-04 1.426303e+00 
209 1673  9.586336822719235900e+02 0 0 1.854853e+00 -4.729357e-03 1.485541e+00 1.040440e-04 1.422289e+00 
210 1681  9.586441522518192600e+02 0 0 1.856439e+00 -3.948234e-03 1.485755e+00 1.368331e-04 1.421932e+00 
211 1689  9.586393327492979800e+02 0 0 1.848385e+00 -7.286153e-03 1.490193e+00 1.327282e-04 1.417501e+00 
212 1697  9.586681654690970600e+02 0 0 1.847940e+00 -8.186397e-03 1.490713e+00 1.960011e-04 1.416686e+00 
213 1705  9.586341082007475100e+02 0 0 1.846098e+00 -9.259279e-03 1.489461e+00 6.293427e-05 1.418594e+00 
214 1713  9.586335847295603100e+02 0 0 1.839171e+00 -1.196203e-02 1.496387e+00 1.247258e-04 1.411329e+00 
215 1721  9.586660008996283300e+02 0 0 1.851683e+00 -1.031521e-02 1.487272e+00 1.875277e-04 1.420120e+00 
216 1729  9.586860881121508600e+02 0 0 1.848085e+00 -1.239691e-02 1.491626e+00 2.628654e-04 1.415439e+00 
217 1737  9.587775731603976500e+02 0 0 1.802403e+00 -2.651986e-02 1.520604e+00 5.174882e-04 1.385054e+00 
218 1745  9.588344882829525200e+02 0 0 1.831547e+00 -1.708716e-02 1.507707e+00 6.959403e-04 1.397214e+00 
219 1753  9.587558719706983100e+02 0 0 1.814052e+00 -2.580068e-02 1.523369e+00 4.154355e-04 1.382996e+00 
220 1761  9.587112328946959700e+02 0 0 1.845210e+00 -1.379485e-02 1.497283e+00 2.325724e-04 1.409960e+00 
221 1769  9.587129343641432800e+02 0 0 1.817300e+00 -1.748872e-02 1.508861e+00 1.154382e-04 1.398870e+00 
222 1777  9.586607481924680800e+02 0 0 1.830252e+00 -2.004634e-02 1.510487e+00 1.802453e-04 1.396931e+00 
223 1785  9.586870685708013300e+02 0 0 1.832248e+00 -1.704232e-02 1.509840e+00 2.971498e-04 1.397000e+00 
224 1793  9.586541586057890100e+02 0 0 1.809635e+00 -2.355670e-02 1.517394e+00 1.798919e-04 1.390026e+00 
225 1801  9.585827131015634000e+02 0 0 1.813681e+00 -2.259307e-02 1.519376e+00 4.517296e-05 1.388751e+00 
226 1809  9.585995428415659500e+02 0 0 1.818275e+00 -2.455709e-02 1.522465e+00 1.048768e-04 1.385375e+00 
227 1817  9.586163528930312600e+02 0 0 1.801952e+00 -2.566073e-02 1.526350e+00 1.244264e-04 1.381364e+00 
228 1825  9.585754227777040300e+02 0 0 1.814804e+00 -2.071688e-02 1.520831e+00 3.695934e-05 1.387348e+00 
229 1833  9.586304726953375200e+02 0 0 1.814308e+00 -2.032122e-02 1.521516e+00 1.026016e-04 1.386306e+00 
230 1841  9.585936378067068500e+02 0 0 1.833230e+00 -1.531457e-02 1.511288e+00 6.030059e-05 1.396768e+00 
231 1849  9.586070798307046100e+02 0 0 1.824213e+00 -1.799212e-02 1.515169e+00 1.066972e-04 1.392658e+00 
232 1857  9.586228386588762800e+02 0 0 1.827057e+00 -1.665174e-02 1.514106e+00 1.382319e-04 1.393542e+00 
233 1865  9.585795031798300000e+02 0 0 1.817778e+00 -2.157267e-02 1.518218e+00 4.063979e-05 1.389939e+00 
234 1873  9.585871771722411300e+02 0 0 1.807039e+00 -2.271940e-02 1.522731e+00 6.951270e-05 1.385277e+00 
235 1881  9.585939272212027600e+02 0 0 1.802406e+00 -2.243885e-02 1.522060e+00 8.389642e-05 1.385871e+00 
236 1889  9.585768037555609500e+02 0 0 1.809306e+00 -2.108832e-02 1.519403e+00 3.731500e-05 1.388773e+00 
237 1897  9.585939619316582100e+02 0 0 1.823813e+00 -1.748123e-02 1.512530e+00 6.566583e-05 1.395502e+00 
238 1905  9.586311879333039800e+02 0 0 1.817683e+00 -2.013324e-02 1.514069e+00 1.635969e-04 1.393459e+00 
239 1913  9.586245846559101000e+02 0 0 1.801549e+00 -2.213997e-02 1.521102e+00 1.632173e-04 1.386456e+00 
240 1921  9.585866189126442100e+02 0 0 1.803604e+00 -2.276660e-02 1.520709e+00 5.070225e-05 1.387389e+00 
241 1929  9.586005616184337400e+02 0 0 1.803356e+00 -2.195732e-02 1.519733e+00 9.571510e-05 1.388138e+00 
242 1937  9.585832047524768300e+02 0 0 1.801474e+00 -2.334782e-02 1.521875e+00 5.641095e-05 1.386199e+00 
243 1945  9.585884540350965600e+02 0 0 1.808363e+00 -2.213233e-02 1.520475e+00 6.513096e-05 1.387551e+00 
244 1953  9.586027017170619000e+02 0 0 1.806217e+00 -2.156687e-02 1.518949e+00 4.483960e-05 1.389178e+00 
245 1961  9.585917549594870500e+02 0 0 1.803401e+00 -2.294103e-02 1.522679e+00 8.132135e-05 1.385269e+00 
246 1969  9.585889281947522700e+02 0 0 1.804614e+00 -2.222782e-02 1.521545e+00 7.118112e-05 1.386455e+00 
247 1977  9.585835664541917800e+02 0 0 1.808548e+00 -2.176410e-02 1.519215e+00 5.397410e-05 1.388877e+00 
248 1985  9.585808337282404600e+02 0 0 1.803621e+00 -2.264878e-02 1.521964e+00 5.402598e-05 1.386130e+00 
249 1993  9.585718159770340200e+02 0 0 1.804463e+00 -2.221987e-02 1.521024e+00 2.613736e-05 1.387205e+00 
250 2001  9.585691772086215700e+02 0 0 1.804219e+00 -2.239521e-02 1.522248e+00 2.170151e-05 1.386003e+00 
251 2009  9.585717315967479000e+02 0 0 1.806423e+00 -2.225226e-02 1.521056e+00 2.745452e-05 1.387169e+00 
252 2017  9.585662685263491800e+02 0 0 1.807685e+00 -2.185503e-02 1.520555e+00 9.945876e-06 1.387756e+00 
253 2025  9.586030006673091700e+02 0 0 1.804438e+00 -2.264278e-02 1.521532e+00 2.966408e-05 1.386673e+00 
254 2033  9.585701398105915100e+02 0 0 1.803323e+00 -2.275230e-02 1.521734e+00 2.266331e-05 1.386512e+00 
255 2041  9.585660496277525900e+02 0 0 1.804320e+00 -2.240922e-02 1.521180e+00 1.008756e-05 1.387130e+00 
256 2049  9.585644881454758200e+02 0 0 1.802153e+00 -2.275370e-02 1.522289e+00 7.968839e-06 1.386032e+00 
257 2057  9.585634599861538200e+02 0 0 1.802105e+00 -2.289313e-02 1.521496e+00 5.932388e-06 1.386836e+00 
258 2065  9.585651889375004700e+02 0 0 1.801731e+00 -2.286564e-02 1.522336e+00 1.030569e-05 1.385973e+00 
259 2073  9.585685545077192300e+02 0 0 1.801175e+00 -2.297166e-02 1.522124e+00 2.147581e-05 1.386130e+00 
260 2081  9.585687696308591500e+02 0 0 1.800888e+00 -2.314927e-02 1.522146e+00 2.103956e-05 1.386109e+00 
261 2089  9.585669908615748200e+02 0 0 1.801199e+00 -2.315526e-02 1.522134e+00 1.627011e-05 1.386145e+00 
262 2097  9.585666511755689500e+02 0 0 1.801315e+00 -2.293752e-02 1.521982e+00 1.612628e-05 1.386299e+00 
263 2105  9.585655883847625800e+02 0 0 1.801588e+00 -2.291816e-02 1.521987e+00 1.334820e-05 1.386308e+00 
264 2113  9.585666832808868800e+02 0 0 1.801671e+00 -2.289437e-02 1.521860e+00 1.287988e-05 1.386435e+00 
265 2121  9.585651717285961700e+02 0 0 1.802104e+00 -2.283085e-02 1.521730e+00 7.691865e-06 1.386592e+00 
266 2129  9.585660843002339100e+02 0 0 1.801590e+00 -2.283713e-02 1.521803e+00 9.913606e-06 1.386507e+00 
267 2137  9.585655241885930300e+02 0 0 1.801052e+00 -2.292879e-02 1.521963e+00 9.693096e-06 1.386348e+00 
268 2145  9.585646655363708500e+02 0 0 1.802028e+00 -2.283028e-02 1.521744e+00 9.919484e-06 1.386567e+00 
269 2153  9.585627909502611600e+02 0 0 1.800859e+00 -2.297065e-02 1.522085e+00 6.101498e-06 1.386246e+00 
270 2161  9.585627500858138300e+02 0 0 1.801011e+00 -2.287910e-02 1.521877e+00 4.146124e-06 1.386463e+00 
271 2169  9.585641772656032300e+02 0 0 1.801302e+00 -2.286776e-02 1.521773e+00 7.903256e-06 1.386548e+00 
272 2177  9.585629997952537500e+02 0 0 1.800972e+00 -2.295966e-02 1.521792e+00 6.057585e-06 1.386539e+00 
273 2185  9.585622326990414900e+02 0 0 1.800907e+00 -2.299194e-02 1.522040e+00 4.375464e-06 1.386299e+00 
274 2193  9.585632769154239000e+02 0 0 1.800214e+00 -2.307698e-02 1.522075e+00 5.817612e-06 1.386257e+00 
275 2201  9.585635567266953100e+02 0 0 1.800721e+00 -2.290608e-02 1.521677e+00 5.155310e-06 1.386658e+00 
276 2209  9.585623259415372100e+02 0 0 1.800967e+00 -2.302406e-02 1.521965e+00 3.478731e-06 1.386379e+00 
277 2217  9.585628909600641200e+02 0 0 1.800573e+00 -2.293497e-02 1.521832e+00 5.421478e-06 1.386502e+00 
278 2225  9.585630792337062800e+02 0 0 1.801032e+00 -2.289149e-02 1.521689e+00 5.942215e-06 1.386642e+00 
279 2233  9.585622368375393300e+02 0 0 1.801161e+00 -2.284972e-02 1.521538e+00 3.273380e-06 1.386807e+00 
280 2241  9.585628477159994000e+02 0 0 1.800775e+00 -2.294447e-02 1.521710e+00 4.001691e-06 1.386631e+00 
281 2249  9.585632707478668000e+02 0 0 1.801533e+00 -2.270206e-02 1.521449e+00 5.809557e-06 1.386884e+00 
282 2257  9.585626515535527700e+02 0 0 1.801479e+00 -2.266651e-02 1.521270e+00 3.547280e-06 1.387074e+00 
283 2265  9.585634277923894600e+02 0 0 1.801352e+00 -2.275084e-02 1.521359e+00 4.922152e-06 1.386977e+00 
284 2273  9.585620644692764900e+02 0 0 1.801162e+00 -2.285976e-02 1.521762e+00 3.518235e-06 1.386582e+00 
285 2281  9.585619061380718900e+02 0 0 1.800878e+00 -2.289238e-02 1.521707e+00 2.597092e-06 1.386641e+00 
286 2289  9.585632088055305100e+02 0 0 1.801290e+00 -2.278478e-02 1.521565e+00 5.086693e-06 1.386770e+00 
287 2297  9.585624587671304700e+02 0 0 1.801632e+00 -2.277867e-02 1.521499e+00 3.976865e-06 1.386842e+00 
288 2305  9.585617486294665900e+02 0 0 1.801324e+00 -2.280672e-02 1.521506e+00 2.050803e-06 1.386846e+00 
289 2313  9.585622441451038200e+02 0 0 1.801145e+00 -2.283120e-02 1.521525e+00 2.529497e-06 1.386824e+00 
290 2321  9.585623204676461500e+02 0 0 1.801378e+00 -2.279169e-02 1.521574e+00 3.393797e-06 1.386771e+00 
291 2329  9.585620665049070800e+02 0 0 1.801158e+00 -2.285782e-02 1.521665e+00 3.288525e-06 1.386680e+00 
292 2337  9.585615465162363800e+02 0 0 1.801170e+00 -2.285080e-02 1.521619e+00 1.810537e-06 1.386733e+00 
293 2345  9.585620881752624900e+02 0 0 1.801493e+00 -2.276857e-02 1.521513e+00 2.888544e-06 1.386834e+00 
294 2353  9.585614735182716700e+02 0 0 1.801369e+00 -2.278392e-02 1.521519e+00 1.330310e-06 1.386836e+00 
295 2361  9.585617841147975500e+02 0 0 1.801428e+00 -2.272873e-02 1.521479e+00 2.164899e-06 1.386871e+00 
296 2369  9.585616271835988300e+02 0 0 1.801498e+00 -2.272633e-02 1.521484e+00 1.586960e-06 1.386869e+00 
297 2377  9.585616948432466400e+02 0 0 1.801444e+00 -2.272949e-02 1.521505e+00 1.872042e-06 1.386847e+00 
298 2385  9.585615620973480900e+02 0 0 1.801389e+00 -2.275934e-02 1.521515e+00 1.563614e-06 1.386839e+00 
299 2393  9.585614597802010600e+02 0 0 1.801406e+00 -2.272267e-02 1.521448e+00 1.086039e-06 1.386908e+00 
300 2401  9.585614847763569100e+02 0 0 1.801473e+00 -2.271360e-02 1.521433e+00 1.107808e-06 1.386923e+00 
301 2409  9.585614663318990600e+02 0 0 1.801458e+00 -2.271760e-02 1.521428e+00 8.286765e-07 1.386929e+00 
302 2417  9.585614660035737400e+02 0 0 1.801479e+00 -2.272861e-02 1.521433e+00 1.058072e-06 1.386923e+00 
303 2425  9.585613926370535900e+02 0 0 1.801554e+00 -2.271699e-02 1.521393e+00 6.624938e-07 1.386965e+00 
304 2433  9.585615305651472200e+02 0 0 1.801571e+00 -2.269769e-02 1.521384e+00 9.822032e-07 1.386972e+00 
305 2441  9.585614929416328800e+02 0 0 1.801658e+00 -2.268138e-02 1.521342e+00 1.005704e-06 1.387014e+00 
306 2449  9.585614463909147400e+02 0 0 1.801670e+00 -2.266999e-02 1.521293e+00 7.811441e-07 1.387064e+00 
307 2457  9.585615989757844800e+02 0 0 1.801677e+00 -2.267361e-02 1.521315e+00 1.189386e-06 1.387040e+00 
308 2465  9.585615058796051900e+02 0 0 1.801673e+00 -2.266557e-02 1.521335e+00 9.723531e-07 1.387021e+00 
309 2473  9.585616391277046700e+02 0 0 1.801865e+00 -2.261112e-02 1.521200e+00 1.025065e-06 1.387156e+00 
310 2481  9.585615939129644400e+02 0 0 1.801808e+00 -2.261683e-02 1.521208e+00 9.715496e-07 1.387148e+00 
311 2489  9.585613670344944200e+02 0 0 1.801668e+00 -2.263159e-02 1.521244e+00 4.129506e-07 1.387115e+00 
312 2497  9.585615039732274500e+02 0 0 1.801701e+00 -2.262655e-02 1.521219e+00 5.385853e-07 1.387140e+00 
313 2505  9.585615104084286000e+02 0 0 1.801798e+00 -2.260516e-02 1.521174e+00 6.169733e-07 1.387184e+00 
314 2513  9.585615526307286700e+02 0 0 1.801831e+00 -2.262241e-02 1.521200e+00 8.507296e-07 1.387157e+00 
315 2521  9.585616103467073100e+02 0 0 1.801791e+00 -2.260808e-02 1.521179e+00 9.522151e-07 1.387177e+00 
316 2529  9.585614002094286000e+02 0 0 1.801679e+00 -2.263985e-02 1.521252e+00 5.282093e-07 1.387107e+00 
317 2537  9.585614824260127300e+02 0 0 1.801695e+00 -2.263190e-02 1.521243e+00 8.015378e-07 1.387115e+00 
318 2545  9.585615358020140800e+02 0 0 1.801757e+00 -2.260946e-02 1.521206e+00 7.885777e-07 1.387151e+00 
319 2553  9.585615376351731800e+02 0 0 1.801946e+00 -2.254994e-02 1.521073e+00 4.978566e-07 1.387286e+00 
320 2561  9.585614447554439700e+02 0 0 1.802062e+00 -2.250193e-02 1.520971e+00 3.323868e-08 1.387390e+00 
321 2569  9.585616788961773400e+02 0 0 1.801757e+00 -2.258944e-02 1.521155e+00 3.649880e-07 1.387204e+00 
322 2577  9.585614816584524100e+02 0 0 1.801909e+00 -2.253831e-02 1.521072e+00 4.044831e-07 1.387288e+00 
323 2585  9.585615680377603700e+02 0 0 1.801842e+00 -2.256265e-02 1.521124e+00 4.350155e-07 1.387235e+00 
324 2593  9.585614583506693400e+02 0 0 1.801787e+00 -2.257862e-02 1.521153e+00 5.216005e-07 1.387206e+00 
325 2601  9.585615091569009100e+02 0 0 1.801831e+00 -2.257195e-02 1.521135e+00 6.017404e-07 1.387223e+00 
326 2609  9.585615133462514500e+02 0 0 1.801860e+00 -2.257145e-02 1.521134e+00 5.638586e-07 1.387224e+00 
327 2617  9.585614836948245700e+02 0 0 1.801862e+00 -2.256167e-02 1.521101e+00 3.370367e-07 1.387258e+00 
328 2625  9.585615517783807000e+02 0 0 1.801917e+00 -2.254435e-02 1.521079e+00 5.634495e-07 1.387280e+00 
329 2633  9.585615293965718100e+02 0 0 1.801895e+00 -2.254649e-02 1.521092e+00 5.557746e-07 1.387267e+00 
330 2641  9.585615310431586500e+02 0 0 1.802024e+00 -2.250495e-02 1.521006e+00 2.972783e-07 1.387353e+00 
331 2649  9.585615234690631000e+02 0 0 1.801957e+00 -2.251757e-02 1.521027e+00 2.914020e-07 1.387333e+00 
332 2657  9.585615010227638800e+02 0 0 1.802020e+00 -2.250011e-02 1.521007e+00 1.780827e-07 1.387354e+00 
333 2665  9.585614654493737100e+02 0 0 1.802012e+00 -2.250559e-02 1.521013e+00 2.184659e-07 1.387347e+00 
334 2673  9.585614952751387800e+02 0 0 1.801990e+00 -2.251101e-02 1.521027e+00 2.348877e-07 1.387333e+00 
335 2681  9.585614725831042100e+02 0 0 1.802014e+00 -2.250725e-02 1.521021e+00 2.261966e-07 1.387339e+00 
336 2689  9.585618200545305900e+02 0 0 1.802052e+00 -2.248001e-02 1.520974e+00 2.278115e-07 1.387387e+00 
337 2697  9.585614959013130400e+02 0 0 1.802038e+00 -2.249302e-02 1.520984e+00 1.491687e-07 1.387377e+00 
338 2705  9.585614699925718000e+02 0 0 1.802093e+00 -2.245130e-02 1.520922e+00 2.010241e-08 1.387439e+00 
339 2713  9.585615348548122900e+02 0 0 1.802029e+00 -2.247830e-02 1.520987e+00 2.530086e-07 1.387373e+00 
340 2721  9.585615134604819300e+02 0 0 1.801989e+00 -2.248600e-02 1.521001e+00 7.282640e-08 1.387360e+00 
341 2729  9.585614907190794200e+02 0 0 1.801985e+00 -2.251844e-02 1.521033e+00 3.380870e-07 1.387326e+00 
342 2737  9.585614778819607400e+02 0 0 1.801931e+00 -2.254039e-02 1.521089e+00 3.436496e-07 1.387271e+00 
343 2745  9.585614902325660300e+02 0 0 1.801959e+00 -2.250536e-02 1.521037e+00 2.639932e-07 1.387323e+00 
344 2753  9.585614705245342300e+02 0 0 1.801959e+00 -2.251744e-02 1.521066e+00 3.487116e-07 1.387294e+00 
345 2761  9.585615059152797800e+02 0 0 1.801918e+00 -2.251126e-02 1.521070e+00 3.747570e-07 1.387289e+00 
346 2769  9.585615142558598300e+02 0 0 1.802079e+00 -2.248782e-02 1.520975e+00 2.637205e-07 1.387385e+00 
