%  columns="iteration, evaluation, sigma, max axis length, min axis length, all principal axes lengths (sorted square roots of eigenvalues of C)" (startseed=207458, 2018/01/24 18:3:10.59)
1 9 6.167647e-01 1.161735e+00 9.563151e-01 9.563151e-01 9.582126e-01 9.584958e-01 9.678165e-01 1.161735e+00 
2 17 6.060156e-01 1.172461e+00 9.168524e-01 9.168524e-01 9.256748e-01 9.537614e-01 1.029719e+00 1.172461e+00 
3 25 5.685424e-01 1.135568e+00 8.789139e-01 8.789139e-01 8.969117e-01 9.611926e-01 1.052160e+00 1.135568e+00 
4 33 6.208188e-01 1.263225e+00 8.498794e-01 8.498794e-01 8.643128e-01 9.254971e-01 1.050106e+00 1.263225e+00 
5 41 6.473088e-01 1.331521e+00 8.227522e-01 8.227522e-01 8.532261e-01 8.952221e-01 1.050448e+00 1.331521e+00 
6 49 7.203364e-01 1.398810e+00 7.897740e-01 7.897740e-01 8.309858e-01 9.008426e-01 1.073463e+00 1.398810e+00 
7 57 7.164825e-01 1.424499e+00 7.639783e-01 7.639783e-01 8.111578e-01 8.662527e-01 1.060622e+00 1.424499e+00 
8 65 6.757084e-01 1.396492e+00 7.316778e-01 7.316778e-01 7.983754e-01 8.483700e-01 1.049936e+00 1.396492e+00 
9 73 6.374945e-01 1.426253e+00 7.100774e-01 7.100774e-01 7.719775e-01 8.154706e-01 1.034111e+00 1.426253e+00 
10 81 5.648754e-01 1.387054e+00 6.957393e-01 6.957393e-01 7.521988e-01 7.804912e-01 9.988597e-01 1.387054e+00 
11 89 4.878758e-01 1.336485e+00 6.714154e-01 6.714154e-01 7.426850e-01 7.597291e-01 9.641977e-01 1.336485e+00 
12 97 4.459403e-01 1.290960e+00 6.437296e-01 6.437296e-01 7.210513e-01 7.800504e-01 9.339218e-01 1.290960e+00 
13 105 3.584113e-01 1.244552e+00 6.183914e-01 6.183914e-01 6.961600e-01 7.598444e-01 9.094510e-01 1.244552e+00 
14 113 3.028649e-01 1.196439e+00 6.002999e-01 6.002999e-01 6.666961e-01 7.349874e-01 8.851739e-01 1.196439e+00 
15 121 2.782956e-01 1.160849e+00 5.841206e-01 5.841206e-01 6.582462e-01 7.486202e-01 8.486642e-01 1.160849e+00 
16 129 2.342664e-01 1.128408e+00 5.696271e-01 5.696271e-01 6.374455e-01 7.199449e-01 8.318402e-01 1.128408e+00 
17 137 2.151787e-01 1.104759e+00 5.514136e-01 5.514136e-01 6.553958e-01 7.128024e-01 8.080648e-01 1.104759e+00 
18 145 1.910254e-01 1.070510e+00 5.355433e-01 5.355433e-01 6.513491e-01 6.992483e-01 7.797856e-01 1.070510e+00 
19 153 1.856128e-01 1.035387e+00 5.202923e-01 5.202923e-01 6.628696e-01 6.826848e-01 8.015187e-01 1.035387e+00 
20 161 1.977760e-01 9.916434e-01 5.352835e-01 5.352835e-01 6.402055e-01 6.749613e-01 8.477949e-01 9.916434e-01 
21 169 1.836351e-01 9.921076e-01 5.185388e-01 5.185388e-01 6.138784e-01 6.600904e-01 8.234744e-01 9.921076e-01 
22 177 2.002771e-01 1.029006e+00 5.266888e-01 5.266888e-01 6.018811e-01 6.622597e-01 8.163513e-01 1.029006e+00 
23 185 1.888033e-01 1.021577e+00 5.144837e-01 5.144837e-01 5.883347e-01 6.369510e-01 7.906492e-01 1.021577e+00 
24 193 1.588072e-01 9.835961e-01 5.027075e-01 5.027075e-01 5.720095e-01 6.119924e-01 7.682605e-01 9.835961e-01 
25 201 1.561576e-01 9.887502e-01 4.914173e-01 4.914173e-01 5.612925e-01 6.084708e-01 7.510424e-01 9.887502e-01 
26 209 1.389734e-01 9.598314e-01 4.803263e-01 4.803263e-01 5.449721e-01 5.866823e-01 7.215068e-01 9.598314e-01 
27 217 1.464757e-01 9.240778e-01 4.629293e-01 4.629293e-01 5.630850e-01 6.599763e-01 6.917392e-01 9.240778e-01 
28 225 1.222729e-01 8.894998e-01 4.494589e-01 4.494589e-01 5.404240e-01 6.427095e-01 6.839162e-01 8.894998e-01 
29 233 1.024310e-01 8.592078e-01 4.328258e-01 4.328258e-01 5.264119e-01 6.277657e-01 6.680088e-01 8.592078e-01 
30 241 8.479188e-02 8.324796e-01 4.199999e-01 4.199999e-01 5.101338e-01 6.043018e-01 6.429505e-01 8.324796e-01 
31 249 7.681203e-02 8.055668e-01 4.082987e-01 4.082987e-01 4.995769e-01 5.988444e-01 6.543399e-01 8.055668e-01 
32 257 7.182754e-02 7.811132e-01 3.961769e-01 3.961769e-01 4.801684e-01 6.136666e-01 6.382348e-01 7.811132e-01 
33 265 6.267188e-02 7.642858e-01 3.794763e-01 3.794763e-01 4.619688e-01 5.929240e-01 6.314052e-01 7.642858e-01 
34 273 5.622048e-02 7.686129e-01 3.674994e-01 3.674994e-01 4.439489e-01 5.724578e-01 6.282726e-01 7.686129e-01 
35 281 5.378264e-02 7.507453e-01 3.655503e-01 3.655503e-01 4.277300e-01 5.517661e-01 6.495047e-01 7.507453e-01 
36 289 5.513992e-02 7.657688e-01 3.565407e-01 3.565407e-01 4.592375e-01 5.395205e-01 6.262664e-01 7.657688e-01 
37 297 5.059000e-02 7.460241e-01 3.585977e-01 3.585977e-01 4.446307e-01 5.211405e-01 6.041995e-01 7.460241e-01 
38 305 4.685949e-02 7.563608e-01 3.446334e-01 3.446334e-01 4.337258e-01 5.142098e-01 6.049451e-01 7.563608e-01 
39 313 4.866780e-02 8.351148e-01 3.328203e-01 3.328203e-01 4.238012e-01 5.091701e-01 6.135229e-01 8.351148e-01 
40 321 5.652106e-02 9.182671e-01 3.392861e-01 3.392861e-01 4.150908e-01 4.963740e-01 6.424227e-01 9.182671e-01 
41 329 6.442773e-02 9.710532e-01 3.377913e-01 3.377913e-01 4.116402e-01 4.871608e-01 6.502313e-01 9.710532e-01 
42 337 6.356523e-02 9.437448e-01 3.408804e-01 3.408804e-01 4.092059e-01 4.675057e-01 6.242970e-01 9.437448e-01 
43 345 5.423183e-02 9.074478e-01 3.307479e-01 3.307479e-01 4.038966e-01 4.501872e-01 6.067292e-01 9.074478e-01 
44 353 4.870574e-02 8.827918e-01 3.229845e-01 3.229845e-01 3.954135e-01 4.452624e-01 6.214027e-01 8.827918e-01 
45 361 4.087169e-02 8.651616e-01 3.116068e-01 3.116068e-01 3.787187e-01 4.271365e-01 6.173479e-01 8.651616e-01 
46 369 3.924700e-02 8.593998e-01 2.983983e-01 2.983983e-01 3.717950e-01 4.130350e-01 6.322826e-01 8.593998e-01 
47 377 4.452269e-02 8.592489e-01 2.889788e-01 2.889788e-01 3.577993e-01 4.821003e-01 6.071307e-01 8.592489e-01 
48 385 3.677736e-02 8.446584e-01 2.779990e-01 2.779990e-01 3.430570e-01 4.664818e-01 5.865180e-01 8.446584e-01 
49 393 3.461640e-02 8.270044e-01 2.715988e-01 2.715988e-01 3.330439e-01 4.694678e-01 5.708353e-01 8.270044e-01 
50 401 2.971515e-02 7.983392e-01 2.674029e-01 2.674029e-01 3.207050e-01 4.536244e-01 5.481975e-01 7.983392e-01 
51 409 2.623194e-02 7.687621e-01 2.719412e-01 2.719412e-01 3.088219e-01 4.393898e-01 5.248169e-01 7.687621e-01 
52 417 2.791363e-02 7.960112e-01 2.617762e-01 2.617762e-01 2.977369e-01 4.259092e-01 5.823021e-01 7.960112e-01 
53 425 3.029220e-02 8.036119e-01 2.548128e-01 2.548128e-01 3.035350e-01 4.627183e-01 5.725140e-01 8.036119e-01 
54 433 2.953892e-02 7.736053e-01 2.447283e-01 2.447283e-01 2.972924e-01 4.742421e-01 5.572470e-01 7.736053e-01 
55 441 2.599187e-02 7.599184e-01 2.367154e-01 2.367154e-01 2.919643e-01 4.599153e-01 5.681570e-01 7.599184e-01 
56 449 2.287522e-02 7.775117e-01 2.282892e-01 2.282892e-01 2.835263e-01 4.422957e-01 5.621063e-01 7.775117e-01 
57 457 2.431059e-02 7.759428e-01 2.264242e-01 2.264242e-01 3.097572e-01 4.246051e-01 5.391759e-01 7.759428e-01 
58 465 2.583164e-02 7.630260e-01 2.183812e-01 2.183812e-01 3.068347e-01 4.363027e-01 5.782636e-01 7.630260e-01 
59 473 2.511989e-02 7.570867e-01 2.117832e-01 2.117832e-01 2.997042e-01 4.232493e-01 5.679423e-01 7.570867e-01 
60 481 2.269661e-02 7.322300e-01 2.027244e-01 2.027244e-01 2.957768e-01 4.110358e-01 5.587803e-01 7.322300e-01 
61 489 2.230993e-02 7.029794e-01 1.952394e-01 1.952394e-01 3.087786e-01 4.089354e-01 5.412874e-01 7.029794e-01 
62 497 2.233862e-02 6.786695e-01 1.890925e-01 1.890925e-01 3.237673e-01 3.920859e-01 5.291798e-01 6.786695e-01 
63 505 1.887861e-02 6.519360e-01 1.809933e-01 1.809933e-01 3.136571e-01 3.822536e-01 5.172807e-01 6.519360e-01 
64 513 1.820912e-02 6.370251e-01 1.738450e-01 1.738450e-01 3.070015e-01 3.833766e-01 5.162413e-01 6.370251e-01 
65 521 1.677371e-02 6.451168e-01 1.663198e-01 1.663198e-01 2.958577e-01 3.741180e-01 5.072405e-01 6.451168e-01 
66 529 1.700130e-02 6.237847e-01 1.593785e-01 1.593785e-01 2.982383e-01 3.918756e-01 4.924646e-01 6.237847e-01 
67 537 1.473840e-02 6.216912e-01 1.525521e-01 1.525521e-01 2.905170e-01 3.802133e-01 5.015446e-01 6.216912e-01 
68 545 1.328751e-02 6.114441e-01 1.469976e-01 1.469976e-01 2.859439e-01 3.805068e-01 4.880511e-01 6.114441e-01 
69 553 1.223862e-02 6.188926e-01 1.410502e-01 1.410502e-01 2.752600e-01 3.692860e-01 4.852462e-01 6.188926e-01 
70 561 1.109931e-02 6.165045e-01 1.356299e-01 1.356299e-01 2.652787e-01 3.698350e-01 4.665620e-01 6.165045e-01 
71 569 1.071523e-02 5.922079e-01 1.303242e-01 1.303242e-01 2.554329e-01 3.681516e-01 4.991511e-01 5.922079e-01 
72 577 9.848904e-03 5.928357e-01 1.247846e-01 1.247846e-01 2.494460e-01 3.586158e-01 4.878151e-01 5.928357e-01 
73 585 8.480374e-03 5.721568e-01 1.208480e-01 1.208480e-01 2.474218e-01 3.516753e-01 4.725526e-01 5.721568e-01 
74 593 8.809433e-03 5.636535e-01 1.176911e-01 1.176911e-01 2.740847e-01 3.399079e-01 4.533727e-01 5.636535e-01 
75 601 8.610303e-03 5.545925e-01 1.153720e-01 1.153720e-01 2.681641e-01 3.404431e-01 4.501917e-01 5.545925e-01 
76 609 7.433440e-03 5.623013e-01 1.112343e-01 1.112343e-01 2.597571e-01 3.279338e-01 4.333531e-01 5.623013e-01 
77 617 6.744604e-03 5.483025e-01 1.065136e-01 1.065136e-01 2.527825e-01 3.181228e-01 4.321856e-01 5.483025e-01 
78 625 5.817226e-03 5.374131e-01 1.023188e-01 1.023188e-01 2.459271e-01 3.121519e-01 4.204651e-01 5.374131e-01 
79 633 6.664652e-03 5.272981e-01 9.819239e-02 9.819239e-02 2.358575e-01 3.264963e-01 4.742551e-01 5.272981e-01 
80 641 7.144803e-03 5.400564e-01 9.458888e-02 9.458888e-02 2.407811e-01 3.146206e-01 4.699990e-01 5.400564e-01 
81 649 7.127912e-03 5.551242e-01 9.161460e-02 9.161460e-02 2.400497e-01 3.105627e-01 4.587185e-01 5.551242e-01 
82 657 6.003152e-03 5.461537e-01 8.830281e-02 8.830281e-02 2.343887e-01 3.013349e-01 4.417892e-01 5.461537e-01 
83 665 6.638585e-03 5.289775e-01 8.452017e-02 8.452017e-02 2.275527e-01 2.976592e-01 5.120064e-01 5.289775e-01 
84 673 6.184085e-03 5.117954e-01 8.122540e-02 8.122540e-02 2.229800e-01 2.886271e-01 5.055489e-01 5.117954e-01 
85 681 5.600444e-03 4.974509e-01 7.787788e-02 7.787788e-02 2.167116e-01 2.804589e-01 4.914849e-01 4.974509e-01 
86 689 4.571995e-03 4.866036e-01 7.467071e-02 7.467071e-02 2.085629e-01 2.694344e-01 4.806089e-01 4.866036e-01 
87 697 4.968107e-03 5.229351e-01 7.169199e-02 7.169199e-02 2.040159e-01 2.957670e-01 4.635672e-01 5.229351e-01 
88 705 5.250841e-03 5.087629e-01 6.911096e-02 6.911096e-02 2.007198e-01 3.045479e-01 4.762131e-01 5.087629e-01 
89 713 5.410393e-03 5.233977e-01 6.641177e-02 6.641177e-02 1.964749e-01 3.097321e-01 4.641168e-01 5.233977e-01 
90 721 5.108564e-03 5.345113e-01 6.373392e-02 6.373392e-02 1.882978e-01 2.983025e-01 4.551625e-01 5.345113e-01 
91 729 4.869720e-03 5.549893e-01 6.108289e-02 6.108289e-02 1.808777e-01 2.872705e-01 4.743456e-01 5.549893e-01 
92 737 4.768735e-03 5.379065e-01 5.867826e-02 5.867826e-02 1.920963e-01 2.789642e-01 4.644031e-01 5.379065e-01 
93 745 4.227656e-03 5.335464e-01 5.722085e-02 5.722085e-02 1.886344e-01 2.757442e-01 4.483616e-01 5.335464e-01 
94 753 3.765955e-03 5.352770e-01 5.537824e-02 5.537824e-02 1.817371e-01 2.681311e-01 4.358468e-01 5.352770e-01 
95 761 3.661414e-03 5.290160e-01 5.421033e-02 5.421033e-02 1.750089e-01 2.688472e-01 4.340913e-01 5.290160e-01 
96 769 3.781831e-03 5.135183e-01 5.204915e-02 5.204915e-02 1.703339e-01 2.851412e-01 4.318881e-01 5.135183e-01 
97 777 3.839609e-03 5.260197e-01 5.003983e-02 5.003983e-02 1.655548e-01 2.798372e-01 4.308214e-01 5.260197e-01 
98 785 3.954083e-03 5.522615e-01 4.792825e-02 4.792825e-02 1.681109e-01 2.737050e-01 4.193190e-01 5.522615e-01 
99 793 4.331949e-03 6.002689e-01 4.650702e-02 4.650702e-02 1.644986e-01 2.726704e-01 4.158548e-01 6.002689e-01 
100 801 4.732247e-03 6.478809e-01 4.469681e-02 4.469681e-02 1.620455e-01 2.627938e-01 4.080553e-01 6.478809e-01 
101 809 4.429586e-03 6.490316e-01 4.324831e-02 4.324831e-02 1.590969e-01 2.620973e-01 3.949391e-01 6.490316e-01 
102 817 4.293245e-03 6.337258e-01 4.361687e-02 4.361687e-02 1.610272e-01 2.519451e-01 3.837659e-01 6.337258e-01 
103 825 3.981904e-03 6.424709e-01 4.222649e-02 4.222649e-02 1.546007e-01 2.444137e-01 3.734271e-01 6.424709e-01 
104 833 4.281904e-03 6.166866e-01 4.047542e-02 4.047542e-02 1.580224e-01 2.733536e-01 3.613789e-01 6.166866e-01 
105 841 4.936315e-03 6.067685e-01 3.879330e-02 3.879330e-02 1.629388e-01 2.727447e-01 3.902015e-01 6.067685e-01 
106 849 5.846931e-03 6.996576e-01 3.740671e-02 3.740671e-02 1.580243e-01 2.646906e-01 3.917554e-01 6.996576e-01 
107 857 7.044487e-03 8.083443e-01 3.600538e-02 3.600538e-02 1.553632e-01 2.760727e-01 3.767956e-01 8.083443e-01 
108 865 6.767039e-03 7.980303e-01 3.447389e-02 3.447389e-02 1.521839e-01 2.796986e-01 3.745735e-01 7.980303e-01 
109 873 6.379807e-03 7.973179e-01 3.303823e-02 3.303823e-02 1.513643e-01 2.697290e-01 3.644224e-01 7.973179e-01 
110 881 5.724424e-03 7.714447e-01 3.161463e-02 3.161463e-02 1.538142e-01 2.587709e-01 3.522979e-01 7.714447e-01 
111 889 6.061464e-03 8.116703e-01 3.029965e-02 3.029965e-02 1.528453e-01 2.517520e-01 3.566889e-01 8.116703e-01 
112 897 6.884099e-03 8.463944e-01 2.932349e-02 2.932349e-02 1.596532e-01 2.419915e-01 3.536158e-01 8.463944e-01 
113 905 7.425111e-03 8.486630e-01 2.807982e-02 2.807982e-02 1.671994e-01 2.391416e-01 3.437494e-01 8.486630e-01 
114 913 6.648822e-03 8.261413e-01 2.688946e-02 2.688946e-02 1.683085e-01 2.376537e-01 3.329137e-01 8.261413e-01 
115 921 6.076361e-03 8.230958e-01 2.578029e-02 2.578029e-02 1.634001e-01 2.307942e-01 3.383800e-01 8.230958e-01 
116 929 6.846375e-03 8.200164e-01 2.488297e-02 2.488297e-02 1.598361e-01 2.485148e-01 3.549048e-01 8.200164e-01 
117 937 6.146357e-03 7.895259e-01 2.383856e-02 2.383856e-02 1.568342e-01 2.414538e-01 3.634190e-01 7.895259e-01 
118 945 5.152823e-03 7.841318e-01 2.290187e-02 2.290187e-02 1.516513e-01 2.323011e-01 3.505059e-01 7.841318e-01 
119 953 5.281118e-03 8.423299e-01 2.197216e-02 2.197216e-02 1.465153e-01 2.387073e-01 3.503729e-01 8.423299e-01 
120 961 5.220445e-03 8.169660e-01 2.119957e-02 2.119957e-02 1.448041e-01 2.436919e-01 3.455007e-01 8.169660e-01 
121 969 4.350633e-03 7.834031e-01 2.036604e-02 2.036604e-02 1.426010e-01 2.344156e-01 3.322490e-01 7.834031e-01 
122 977 3.951411e-03 7.562843e-01 1.955985e-02 1.955985e-02 1.497699e-01 2.257660e-01 3.225975e-01 7.562843e-01 
123 985 4.211155e-03 8.751120e-01 1.888081e-02 1.888081e-02 1.476684e-01 2.188069e-01 3.110959e-01 8.751120e-01 
124 993 3.983175e-03 8.604111e-01 1.810863e-02 1.810863e-02 1.467003e-01 2.246236e-01 2.998278e-01 8.604111e-01 
125 1001 4.029899e-03 8.371311e-01 1.739708e-02 1.739708e-02 1.553736e-01 2.194888e-01 3.015956e-01 8.371311e-01 
126 1009 4.024992e-03 8.256146e-01 1.678657e-02 1.678657e-02 1.501664e-01 2.108346e-01 3.192041e-01 8.256146e-01 
127 1017 3.751235e-03 8.475193e-01 1.612862e-02 1.612862e-02 1.531802e-01 2.029786e-01 3.120176e-01 8.475193e-01 
128 1025 3.790406e-03 8.522578e-01 1.550277e-02 1.550277e-02 1.499646e-01 1.980999e-01 3.257889e-01 8.522578e-01 
129 1033 4.191660e-03 8.524117e-01 1.485995e-02 1.485995e-02 1.502685e-01 2.043185e-01 3.481818e-01 8.524117e-01 
130 1041 4.164688e-03 8.271598e-01 1.441392e-02 1.441392e-02 1.546383e-01 1.973921e-01 3.427065e-01 8.271598e-01 
131 1049 4.406285e-03 7.989715e-01 1.392390e-02 1.392390e-02 1.705162e-01 1.918001e-01 3.430380e-01 7.989715e-01 
132 1057 3.691259e-03 7.718699e-01 1.338878e-02 1.338878e-02 1.680514e-01 1.857593e-01 3.388163e-01 7.718699e-01 
133 1065 3.326574e-03 7.688436e-01 1.281939e-02 1.281939e-02 1.623335e-01 1.867272e-01 3.404575e-01 7.688436e-01 
134 1073 2.972240e-03 7.720153e-01 1.236440e-02 1.236440e-02 1.591750e-01 1.796249e-01 3.274696e-01 7.720153e-01 
135 1081 2.563807e-03 7.526745e-01 1.186777e-02 1.186777e-02 1.553099e-01 1.738192e-01 3.187842e-01 7.526745e-01 
136 1089 2.567119e-03 7.539458e-01 1.156492e-02 1.156492e-02 1.569971e-01 1.727153e-01 3.199436e-01 7.539458e-01 
137 1097 2.244311e-03 7.377201e-01 1.110161e-02 1.110161e-02 1.525456e-01 1.663980e-01 3.115546e-01 7.377201e-01 
138 1105 1.969414e-03 7.113594e-01 1.065248e-02 1.065248e-02 1.497453e-01 1.626751e-01 3.035640e-01 7.113594e-01 
139 1113 1.766354e-03 7.048388e-01 1.024776e-02 1.024776e-02 1.442430e-01 1.581838e-01 2.990768e-01 7.048388e-01 
140 1121 1.839533e-03 6.904948e-01 9.893392e-03 9.893392e-03 1.467135e-01 1.654009e-01 2.913676e-01 6.904948e-01 
141 1129 1.787913e-03 7.056100e-01 9.600399e-03 9.600399e-03 1.420129e-01 1.642532e-01 3.053593e-01 7.056100e-01 
142 1137 1.535122e-03 6.820062e-01 9.374607e-03 9.374607e-03 1.387381e-01 1.598687e-01 2.957348e-01 6.820062e-01 
143 1145 1.407325e-03 6.589152e-01 9.033950e-03 9.033950e-03 1.377995e-01 1.546192e-01 3.013911e-01 6.589152e-01 
144 1153 1.462910e-03 6.578134e-01 8.664802e-03 8.664802e-03 1.341761e-01 1.512366e-01 3.254733e-01 6.578134e-01 
145 1161 1.666127e-03 6.358781e-01 8.297944e-03 8.297944e-03 1.315378e-01 1.456646e-01 3.801676e-01 6.358781e-01 
146 1169 1.797738e-03 6.141027e-01 8.040891e-03 8.040891e-03 1.278817e-01 1.515447e-01 4.033115e-01 6.141027e-01 
147 1177 1.711922e-03 6.035844e-01 7.732392e-03 7.732392e-03 1.238711e-01 1.521960e-01 3.970268e-01 6.035844e-01 
148 1185 1.896712e-03 6.006505e-01 7.455023e-03 7.455023e-03 1.208522e-01 1.661758e-01 3.883269e-01 6.006505e-01 
149 1193 1.682484e-03 5.843787e-01 7.161157e-03 7.161157e-03 1.169100e-01 1.620457e-01 3.787722e-01 5.843787e-01 
150 1201 1.605827e-03 5.926949e-01 6.885188e-03 6.885188e-03 1.159464e-01 1.590338e-01 3.634926e-01 5.926949e-01 
151 1209 1.545748e-03 5.840966e-01 6.833180e-03 6.833180e-03 1.147752e-01 1.644383e-01 3.554367e-01 5.840966e-01 
152 1217 1.503439e-03 5.666584e-01 6.663703e-03 6.663703e-03 1.107697e-01 1.743902e-01 3.432964e-01 5.666584e-01 
153 1225 1.296093e-03 5.462900e-01 6.384677e-03 6.384677e-03 1.101681e-01 1.724466e-01 3.339714e-01 5.462900e-01 
154 1233 1.142132e-03 5.260324e-01 6.137950e-03 6.137950e-03 1.081254e-01 1.707692e-01 3.286680e-01 5.260324e-01 
155 1241 1.110157e-03 5.324416e-01 5.903606e-03 5.903606e-03 1.092603e-01 1.636488e-01 3.283789e-01 5.324416e-01 
156 1249 1.179416e-03 5.224386e-01 5.666048e-03 5.666048e-03 1.110735e-01 1.585549e-01 3.501155e-01 5.224386e-01 
157 1257 9.854353e-04 5.088321e-01 5.454056e-03 5.454056e-03 1.072407e-01 1.542914e-01 3.409022e-01 5.088321e-01 
158 1265 9.663520e-04 4.928738e-01 5.521561e-03 5.521561e-03 1.060977e-01 1.592046e-01 3.295359e-01 4.928738e-01 
159 1273 8.791536e-04 5.075397e-01 5.359797e-03 5.359797e-03 1.024146e-01 1.531119e-01 3.157819e-01 5.075397e-01 
160 1281 8.590561e-04 5.411516e-01 5.163391e-03 5.163391e-03 9.984431e-02 1.478835e-01 3.061176e-01 5.411516e-01 
161 1289 8.746156e-04 5.587925e-01 5.105971e-03 5.105971e-03 9.717064e-02 1.431462e-01 3.028858e-01 5.587925e-01 
162 1297 1.059382e-03 6.960925e-01 5.029780e-03 5.029780e-03 9.418746e-02 1.384932e-01 2.914038e-01 6.960925e-01 
163 1305 1.418227e-03 7.314951e-01 4.911723e-03 4.911723e-03 9.710051e-02 1.376702e-01 2.859368e-01 7.314951e-01 
164 1313 1.456308e-03 7.136023e-01 4.776976e-03 4.776976e-03 9.398497e-02 1.368862e-01 2.758278e-01 7.136023e-01 
165 1321 1.516174e-03 7.001266e-01 4.661671e-03 4.661671e-03 9.067265e-02 1.402537e-01 2.754047e-01 7.001266e-01 
166 1329 1.254683e-03 6.725057e-01 4.540395e-03 4.540395e-03 8.730669e-02 1.369547e-01 2.675101e-01 6.725057e-01 
167 1337 1.132267e-03 6.710825e-01 4.371310e-03 4.371310e-03 8.645413e-02 1.329846e-01 2.617374e-01 6.710825e-01 
168 1345 9.606290e-04 6.444928e-01 4.197453e-03 4.197453e-03 8.532709e-02 1.300722e-01 2.582711e-01 6.444928e-01 
169 1353 9.391213e-04 6.227282e-01 4.046851e-03 4.046851e-03 8.397815e-02 1.299447e-01 2.700491e-01 6.227282e-01 
170 1361 9.829202e-04 6.655842e-01 3.882023e-03 3.882023e-03 8.178091e-02 1.347053e-01 2.697275e-01 6.655842e-01 
171 1369 1.056438e-03 7.310224e-01 3.719712e-03 3.719712e-03 7.840933e-02 1.329987e-01 2.596167e-01 7.310224e-01 
172 1377 9.587152e-04 7.135688e-01 3.563018e-03 3.563018e-03 7.702675e-02 1.306200e-01 2.539382e-01 7.135688e-01 
173 1385 8.887937e-04 7.103152e-01 3.431603e-03 3.431603e-03 7.568696e-02 1.277237e-01 2.461302e-01 7.103152e-01 
174 1393 8.670556e-04 6.904157e-01 3.298233e-03 3.298233e-03 7.737279e-02 1.252052e-01 2.445638e-01 6.904157e-01 
175 1401 7.779250e-04 6.771111e-01 3.163741e-03 3.163741e-03 7.536009e-02 1.203870e-01 2.366041e-01 6.771111e-01 
176 1409 7.354813e-04 6.655266e-01 3.049120e-03 3.049120e-03 7.334120e-02 1.179293e-01 2.335628e-01 6.655266e-01 
177 1417 7.724354e-04 6.563820e-01 2.935461e-03 2.935461e-03 7.248890e-02 1.207834e-01 2.490108e-01 6.563820e-01 
178 1425 7.911894e-04 6.451168e-01 2.856092e-03 2.856092e-03 6.960927e-02 1.255629e-01 2.416993e-01 6.451168e-01 
179 1433 8.706944e-04 6.413259e-01 2.819156e-03 2.819156e-03 6.952762e-02 1.260753e-01 2.482624e-01 6.413259e-01 
180 1441 9.027691e-04 6.306965e-01 2.754812e-03 2.754812e-03 6.814067e-02 1.235332e-01 2.646067e-01 6.306965e-01 
181 1449 8.750705e-04 6.714618e-01 2.660982e-03 2.660982e-03 6.933975e-02 1.194871e-01 2.577223e-01 6.714618e-01 
182 1457 8.336071e-04 6.792801e-01 2.555536e-03 2.555536e-03 6.886550e-02 1.169230e-01 2.508756e-01 6.792801e-01 
183 1465 8.763675e-04 6.727315e-01 2.457902e-03 2.457902e-03 6.766435e-02 1.214411e-01 2.743610e-01 6.727315e-01 
184 1473 8.761551e-04 6.876508e-01 2.359823e-03 2.359823e-03 6.518811e-02 1.202906e-01 2.697055e-01 6.876508e-01 
185 1481 8.747638e-04 7.208234e-01 2.264601e-03 2.264601e-03 6.251608e-02 1.214102e-01 2.703864e-01 7.208234e-01 
186 1489 7.960743e-04 6.943704e-01 2.201998e-03 2.201998e-03 6.143734e-02 1.196271e-01 2.643468e-01 6.943704e-01 
187 1497 8.295874e-04 7.242177e-01 2.134015e-03 2.134015e-03 6.118836e-02 1.190762e-01 2.668621e-01 7.242177e-01 
188 1505 8.451136e-04 6.978706e-01 2.057177e-03 2.057177e-03 6.087781e-02 1.233667e-01 2.619662e-01 6.978706e-01 
189 1513 8.987652e-04 6.899415e-01 1.975294e-03 1.975294e-03 6.028280e-02 1.298061e-01 2.539529e-01 6.899415e-01 
190 1521 1.072258e-03 7.279215e-01 1.894528e-03 1.894528e-03 5.938188e-02 1.341232e-01 2.654768e-01 7.279215e-01 
191 1529 1.227215e-03 7.827677e-01 1.814806e-03 1.814806e-03 5.905014e-02 1.367504e-01 2.552723e-01 7.827677e-01 
192 1537 1.569395e-03 8.397494e-01 1.774165e-03 1.774165e-03 6.058729e-02 1.362950e-01 2.501268e-01 8.397494e-01 
193 1545 1.660340e-03 8.150105e-01 1.716900e-03 1.716900e-03 5.887768e-02 1.428412e-01 2.456184e-01 8.150105e-01 
194 1553 1.902399e-03 8.132106e-01 1.670772e-03 1.670772e-03 5.914592e-02 1.416326e-01 2.660141e-01 8.132106e-01 
195 1561 1.911461e-03 8.112446e-01 1.623751e-03 1.623751e-03 5.709754e-02 1.389719e-01 2.626590e-01 8.112446e-01 
196 1569 1.911500e-03 8.379473e-01 1.556010e-03 1.556010e-03 5.550733e-02 1.356155e-01 2.553456e-01 8.379473e-01 
197 1577 2.154268e-03 8.734771e-01 1.492388e-03 1.492388e-03 5.483097e-02 1.468845e-01 2.497874e-01 8.734771e-01 
198 1585 2.294477e-03 8.703426e-01 1.444307e-03 1.444307e-03 5.676492e-02 1.426337e-01 2.428974e-01 8.703426e-01 
199 1593 2.379216e-03 8.376622e-01 1.403432e-03 1.403432e-03 5.860325e-02 1.415372e-01 2.374895e-01 8.376622e-01 
200 1601 2.315160e-03 8.155121e-01 1.351356e-03 1.351356e-03 5.974986e-02 1.482255e-01 2.400258e-01 8.155121e-01 
201 1609 1.950189e-03 7.915683e-01 1.309058e-03 1.309058e-03 5.808837e-02 1.425588e-01 2.319709e-01 7.915683e-01 
202 1617 2.108988e-03 7.781910e-01 1.270233e-03 1.270233e-03 5.602526e-02 1.450742e-01 2.540988e-01 7.781910e-01 
203 1625 2.069497e-03 7.901120e-01 1.217985e-03 1.217985e-03 5.470825e-02 1.423152e-01 2.627665e-01 7.901120e-01 
204 1633 2.333503e-03 8.812767e-01 1.170242e-03 1.170242e-03 5.249786e-02 1.380122e-01 2.699333e-01 8.812767e-01 
205 1641 2.915510e-03 9.234650e-01 1.151059e-03 1.151059e-03 5.403702e-02 1.352761e-01 2.748940e-01 9.234650e-01 
206 1649 3.675880e-03 9.161423e-01 1.130879e-03 1.130879e-03 5.382638e-02 1.435000e-01 2.723051e-01 9.161423e-01 
207 1657 4.242761e-03 9.273944e-01 1.088140e-03 1.088140e-03 5.266700e-02 1.389345e-01 2.705191e-01 9.273944e-01 
208 1665 5.069374e-03 1.058414e+00 1.050819e-03 1.050819e-03 5.065911e-02 1.342973e-01 2.676793e-01 1.058414e+00 
209 1673 5.874437e-03 1.158625e+00 1.012156e-03 1.012156e-03 4.962124e-02 1.314488e-01 2.599220e-01 1.158625e+00 
210 1681 6.822768e-03 1.325847e+00 9.935597e-04 9.935597e-04 4.798739e-02 1.281873e-01 2.496370e-01 1.325847e+00 
211 1689 7.183399e-03 1.309308e+00 9.960751e-04 9.960751e-04 4.867909e-02 1.258957e-01 2.486683e-01 1.309308e+00 
212 1697 7.518461e-03 1.294096e+00 9.646579e-04 9.646579e-04 4.689735e-02 1.245841e-01 2.585666e-01 1.294096e+00 
213 1705 8.173587e-03 1.257265e+00 9.406230e-04 9.406230e-04 4.503447e-02 1.447898e-01 2.546561e-01 1.257265e+00 
214 1713 9.041984e-03 1.243293e+00 9.036288e-04 9.036288e-04 4.576116e-02 1.464141e-01 2.584674e-01 1.243293e+00 
215 1721 1.215061e-02 1.399451e+00 8.806334e-04 8.806334e-04 4.535025e-02 1.468248e-01 2.562214e-01 1.399451e+00 
216 1729 1.716809e-02 1.407646e+00 8.828403e-04 8.828403e-04 4.492538e-02 1.449895e-01 2.592720e-01 1.407646e+00 
217 1737 2.061397e-02 1.359335e+00 8.788932e-04 8.788932e-04 4.368608e-02 1.445990e-01 2.728487e-01 1.359335e+00 
218 1745 2.212802e-02 1.322517e+00 8.793213e-04 8.793213e-04 4.206303e-02 1.416106e-01 2.916990e-01 1.322517e+00 
219 1753 2.505582e-02 1.269645e+00 8.562933e-04 8.562933e-04 4.461929e-02 1.368059e-01 3.059699e-01 1.269645e+00 
220 1761 2.290531e-02 1.254002e+00 8.291294e-04 8.291294e-04 4.372426e-02 1.320962e-01 3.047552e-01 1.254002e+00 
221 1769 2.115052e-02 1.204592e+00 8.223458e-04 8.223458e-04 4.240560e-02 1.270917e-01 3.194637e-01 1.204592e+00 
222 1777 1.905480e-02 1.158460e+00 8.173397e-04 8.173397e-04 4.129496e-02 1.266783e-01 3.133318e-01 1.158460e+00 
223 1785 1.786542e-02 1.125577e+00 7.874050e-04 7.874050e-04 3.970431e-02 1.227321e-01 3.166350e-01 1.125577e+00 
224 1793 1.736560e-02 1.124559e+00 7.637509e-04 7.637509e-04 3.985113e-02 1.215809e-01 3.078058e-01 1.124559e+00 
225 1801 1.577156e-02 1.116557e+00 7.492204e-04 7.492204e-04 4.002926e-02 1.165904e-01 2.988651e-01 1.116557e+00 
226 1809 1.424892e-02 1.074230e+00 7.237957e-04 7.237957e-04 3.971570e-02 1.144052e-01 2.993208e-01 1.074230e+00 
227 1817 1.450451e-02 1.086233e+00 6.937983e-04 6.937983e-04 3.947523e-02 1.160174e-01 2.870109e-01 1.086233e+00 
228 1825 1.339383e-02 1.047610e+00 6.646809e-04 6.646809e-04 3.888199e-02 1.134182e-01 2.814393e-01 1.047610e+00 
229 1833 1.212522e-02 1.002708e+00 6.651642e-04 6.651642e-04 3.740287e-02 1.113516e-01 2.724809e-01 1.002708e+00 
230 1841 1.037570e-02 9.975224e-01 6.400632e-04 6.400632e-04 3.592868e-02 1.081585e-01 2.658779e-01 9.975224e-01 
231 1849 9.373464e-03 9.798622e-01 6.198322e-04 6.198322e-04 3.493067e-02 1.054709e-01 2.563988e-01 9.798622e-01 
232 1857 8.148513e-03 9.572841e-01 6.093328e-04 6.093328e-04 3.405137e-02 1.031781e-01 2.493085e-01 9.572841e-01 
233 1865 7.672261e-03 9.433960e-01 5.918272e-04 5.918272e-04 3.464189e-02 1.064830e-01 2.434688e-01 9.433960e-01 
234 1873 7.527024e-03 9.927029e-01 5.695263e-04 5.695263e-04 3.360962e-02 1.033887e-01 2.395343e-01 9.927029e-01 
235 1881 8.454202e-03 1.031642e+00 5.463793e-04 5.463793e-04 3.218490e-02 1.003886e-01 2.603347e-01 1.031642e+00 
236 1889 7.495683e-03 1.023431e+00 5.277034e-04 5.277034e-04 3.106306e-02 9.788054e-02 2.531320e-01 1.023431e+00 
237 1897 7.596245e-03 1.015749e+00 5.061206e-04 5.061206e-04 3.331327e-02 9.639659e-02 2.456282e-01 1.015749e+00 
238 1905 7.095641e-03 1.003709e+00 4.917559e-04 4.917559e-04 3.289838e-02 9.633248e-02 2.369310e-01 1.003709e+00 
239 1913 7.564846e-03 1.037151e+00 4.923220e-04 4.923220e-04 3.191123e-02 9.263166e-02 2.390045e-01 1.037151e+00 
240 1921 7.235376e-03 1.001419e+00 4.800501e-04 4.800501e-04 3.199111e-02 9.234249e-02 2.379022e-01 1.001419e+00 
241 1929 5.843701e-03 9.602540e-01 4.647477e-04 4.647477e-04 3.069957e-02 8.894762e-02 2.316057e-01 9.602540e-01 
242 1937 5.096954e-03 9.346661e-01 4.454669e-04 4.454669e-04 3.024721e-02 8.740194e-02 2.260052e-01 9.346661e-01 
243 1945 5.002041e-03 9.014181e-01 4.266998e-04 4.266998e-04 3.035714e-02 8.479356e-02 2.358418e-01 9.014181e-01 
244 1953 4.229122e-03 8.788356e-01 4.144804e-04 4.144804e-04 2.977091e-02 8.216007e-02 2.356598e-01 8.788356e-01 
245 1961 4.085253e-03 8.653383e-01 4.122287e-04 4.122287e-04 2.960234e-02 7.954816e-02 2.376883e-01 8.653383e-01 
246 1969 3.650023e-03 8.507849e-01 3.973271e-04 3.973271e-04 2.875647e-02 7.812328e-02 2.306155e-01 8.507849e-01 
247 1977 3.550159e-03 8.295445e-01 3.969084e-04 3.969084e-04 2.828025e-02 7.754416e-02 2.300546e-01 8.295445e-01 
248 1985 3.272272e-03 8.019059e-01 3.862406e-04 3.862406e-04 2.761883e-02 7.531428e-02 2.290390e-01 8.019059e-01 
249 1993 3.197666e-03 7.940585e-01 3.706020e-04 3.706020e-04 2.848987e-02 7.276186e-02 2.277855e-01 7.940585e-01 
250 2001 2.923299e-03 7.677533e-01 3.552501e-04 3.552501e-04 2.847275e-02 7.216733e-02 2.261039e-01 7.677533e-01 
251 2009 2.522779e-03 7.473351e-01 3.425238e-04 3.425238e-04 2.752587e-02 7.040068e-02 2.189728e-01 7.473351e-01 
252 2017 2.350258e-03 7.360473e-01 3.336188e-04 3.336188e-04 2.713546e-02 6.780318e-02 2.161596e-01 7.360473e-01 
253 2025 2.064392e-03 7.171945e-01 3.373921e-04 3.373921e-04 2.639715e-02 6.646527e-02 2.137546e-01 7.171945e-01 
254 2033 2.115266e-03 7.575882e-01 3.260647e-04 3.260647e-04 2.530599e-02 6.520110e-02 2.222424e-01 7.575882e-01 
255 2041 2.140027e-03 7.602959e-01 3.131976e-04 3.131976e-04 2.503101e-02 6.268408e-02 2.275992e-01 7.602959e-01 
256 2049 2.070416e-03 7.506387e-01 2.998796e-04 2.998796e-04 2.472725e-02 6.114723e-02 2.222993e-01 7.506387e-01 
257 2057 2.100366e-03 7.288831e-01 2.872597e-04 2.872597e-04 2.373318e-02 6.339301e-02 2.381851e-01 7.288831e-01 
258 2065 1.837680e-03 7.224179e-01 2.751362e-04 2.751362e-04 2.282860e-02 6.146438e-02 2.333103e-01 7.224179e-01 
259 2073 1.790544e-03 7.297234e-01 2.668405e-04 2.668405e-04 2.296735e-02 5.995067e-02 2.274063e-01 7.297234e-01 
260 2081 1.853781e-03 7.170914e-01 2.566437e-04 2.566437e-04 2.275157e-02 5.999965e-02 2.376350e-01 7.170914e-01 
261 2089 1.652724e-03 6.914994e-01 2.457005e-04 2.457005e-04 2.195354e-02 5.983267e-02 2.339376e-01 6.914994e-01 
262 2097 1.285967e-03 6.633591e-01 2.389801e-04 2.389801e-04 2.122901e-02 5.755546e-02 2.280541e-01 6.633591e-01 
263 2105 1.195750e-03 6.418301e-01 2.306634e-04 2.306634e-04 2.173601e-02 5.537394e-02 2.231768e-01 6.418301e-01 
264 2113 1.018594e-03 6.225795e-01 2.254814e-04 2.254814e-04 2.093495e-02 5.323138e-02 2.156413e-01 6.225795e-01 
265 2121 8.963550e-04 6.051520e-01 2.199873e-04 2.199873e-04 2.046921e-02 5.175407e-02 2.082820e-01 6.051520e-01 
266 2129 8.206440e-04 5.982872e-01 2.128543e-04 2.128543e-04 1.979397e-02 5.164845e-02 2.041250e-01 5.982872e-01 
267 2137 6.685944e-04 5.903374e-01 2.080590e-04 2.080590e-04 1.905695e-02 4.969487e-02 1.998909e-01 5.903374e-01 
268 2145 6.320085e-04 5.738413e-01 2.083733e-04 2.083733e-04 1.844019e-02 4.884131e-02 2.012845e-01 5.738413e-01 
269 2153 7.733306e-04 7.094314e-01 2.000743e-04 2.000743e-04 1.891280e-02 4.754987e-02 1.936111e-01 7.094314e-01 
270 2161 8.463065e-04 7.012687e-01 1.940736e-04 1.940736e-04 1.870241e-02 4.742729e-02 1.937533e-01 7.012687e-01 
271 2169 7.489226e-04 6.804072e-01 1.865301e-04 1.865301e-04 1.838408e-02 4.715482e-02 1.916811e-01 6.804072e-01 
272 2177 7.300306e-04 6.625511e-01 1.787617e-04 1.787617e-04 1.785756e-02 4.787081e-02 1.906069e-01 6.625511e-01 
273 2185 6.848683e-04 6.377466e-01 1.721830e-04 1.721830e-04 1.745231e-02 4.766080e-02 1.933033e-01 6.377466e-01 
274 2193 7.510609e-04 6.588332e-01 1.655076e-04 1.655076e-04 1.730617e-02 4.714136e-02 2.091304e-01 6.588332e-01 
275 2201 8.061353e-04 6.343600e-01 1.683473e-04 1.683473e-04 1.669404e-02 4.590772e-02 2.218153e-01 6.343600e-01 
276 2209 6.583257e-04 6.155613e-01 1.617497e-04 1.617497e-04 1.635524e-02 4.638222e-02 2.242214e-01 6.155613e-01 
277 2217 6.292174e-04 6.486812e-01 1.553834e-04 1.553834e-04 1.570031e-02 4.651323e-02 2.169446e-01 6.486812e-01 
278 2225 5.938850e-04 6.387401e-01 1.517675e-04 1.517675e-04 1.507489e-02 4.530668e-02 2.172262e-01 6.387401e-01 
279 2233 5.800301e-04 6.318652e-01 1.489537e-04 1.489537e-04 1.481960e-02 4.378044e-02 2.221302e-01 6.318652e-01 
280 2241 6.031019e-04 6.640642e-01 1.434794e-04 1.434794e-04 1.422114e-02 4.380155e-02 2.230191e-01 6.640642e-01 
281 2249 6.387132e-04 6.643816e-01 1.385868e-04 1.385868e-04 1.361336e-02 4.881560e-02 2.151415e-01 6.643816e-01 
282 2257 7.439184e-04 6.671559e-01 1.364323e-04 1.364323e-04 1.309062e-02 5.156932e-02 2.266586e-01 6.671559e-01 
283 2265 6.207043e-04 6.470628e-01 1.336994e-04 1.336994e-04 1.255699e-02 5.022634e-02 2.265109e-01 6.470628e-01 
284 2273 5.798619e-04 6.429020e-01 1.329223e-04 1.329223e-04 1.245332e-02 4.878516e-02 2.319289e-01 6.429020e-01 
285 2281 5.486136e-04 6.367531e-01 1.277455e-04 1.277455e-04 1.220273e-02 4.843398e-02 2.318738e-01 6.367531e-01 
286 2289 4.654530e-04 6.219915e-01 1.227539e-04 1.227539e-04 1.194900e-02 4.784225e-02 2.253634e-01 6.219915e-01 
287 2297 4.025228e-04 6.017005e-01 1.188404e-04 1.188404e-04 1.153534e-02 4.791020e-02 2.178631e-01 6.017005e-01 
288 2305 3.775758e-04 5.842417e-01 1.156535e-04 1.156535e-04 1.172181e-02 4.630471e-02 2.147627e-01 5.842417e-01 
289 2313 3.598865e-04 5.762706e-01 1.122923e-04 1.122923e-04 1.132834e-02 4.512641e-02 2.227240e-01 5.762706e-01 
290 2321 3.303264e-04 5.525990e-01 1.104387e-04 1.104387e-04 1.108477e-02 4.405725e-02 2.181583e-01 5.525990e-01 
291 2329 2.997265e-04 5.385564e-01 1.093959e-04 1.093959e-04 1.064181e-02 4.337074e-02 2.221490e-01 5.385564e-01 
292 2337 2.925096e-04 5.492599e-01 1.058658e-04 1.058658e-04 1.067417e-02 4.352478e-02 2.162065e-01 5.492599e-01 
293 2345 2.877984e-04 5.385112e-01 1.031489e-04 1.031489e-04 1.059667e-02 4.413152e-02 2.126467e-01 5.385112e-01 
294 2353 2.981540e-04 5.172243e-01 1.004560e-04 1.004560e-04 1.049553e-02 4.728084e-02 2.058465e-01 5.172243e-01 
295 2361 2.620173e-04 4.960223e-01 9.722947e-05 9.722947e-05 1.015740e-02 4.756428e-02 1.973637e-01 4.960223e-01 
296 2369 2.568010e-04 4.889171e-01 9.439459e-05 9.439459e-05 1.018362e-02 4.766838e-02 1.912441e-01 4.889171e-01 
297 2377 2.360687e-04 4.772007e-01 9.083373e-05 9.083373e-05 9.964648e-03 4.836955e-02 1.861286e-01 4.772007e-01 
298 2385 2.263126e-04 4.627717e-01 8.699353e-05 8.699353e-05 9.671159e-03 4.924447e-02 1.822366e-01 4.627717e-01 
299 2393 2.330900e-04 4.460702e-01 8.496491e-05 8.496491e-05 9.921597e-03 4.801636e-02 1.886154e-01 4.460702e-01 
300 2401 2.215932e-04 4.425522e-01 8.155930e-05 8.155930e-05 9.757087e-03 4.720825e-02 1.867029e-01 4.425522e-01 
301 2409 1.868937e-04 4.259918e-01 7.880751e-05 7.880751e-05 9.425615e-03 4.550618e-02 1.829110e-01 4.259918e-01 
302 2417 1.800397e-04 4.250822e-01 7.593832e-05 7.593832e-05 9.152158e-03 4.708381e-02 1.773621e-01 4.250822e-01 
303 2425 1.926099e-04 4.784049e-01 7.299828e-05 7.299828e-05 8.928020e-03 4.751250e-02 1.702736e-01 4.784049e-01 
304 2433 2.071992e-04 5.323820e-01 7.040287e-05 7.040287e-05 8.703908e-03 4.695742e-02 1.635167e-01 5.323820e-01 
305 2441 1.968084e-04 5.255543e-01 6.812105e-05 6.812105e-05 8.369499e-03 4.549121e-02 1.634018e-01 5.255543e-01 
306 2449 1.832995e-04 5.273172e-01 6.535779e-05 6.535779e-05 8.046096e-03 4.384372e-02 1.634297e-01 5.273172e-01 
307 2457 1.804728e-04 5.234970e-01 6.290112e-05 6.290112e-05 7.852941e-03 4.311061e-02 1.620955e-01 5.234970e-01 
308 2465 2.240434e-04 6.463734e-01 6.040107e-05 6.040107e-05 7.602372e-03 4.289693e-02 1.633293e-01 6.463734e-01 
309 2473 2.103299e-04 6.517135e-01 5.824358e-05 5.824358e-05 7.427163e-03 4.141729e-02 1.586982e-01 6.517135e-01 
310 2481 2.088016e-04 6.410957e-01 5.621665e-05 5.621665e-05 7.129885e-03 4.114791e-02 1.570770e-01 6.410957e-01 
311 2489 2.196793e-04 6.238272e-01 5.381339e-05 5.381339e-05 6.941724e-03 4.087103e-02 1.713344e-01 6.238272e-01 
312 2497 2.159726e-04 6.073424e-01 5.190670e-05 5.190670e-05 6.682510e-03 3.983368e-02 1.727851e-01 6.073424e-01 
313 2505 2.013292e-04 6.045197e-01 4.976318e-05 4.976318e-05 6.475151e-03 3.848481e-02 1.733278e-01 6.045197e-01 
314 2513 1.777074e-04 5.884089e-01 4.827909e-05 4.827909e-05 6.312571e-03 3.831765e-02 1.718046e-01 5.884089e-01 
315 2521 1.661507e-04 5.641404e-01 4.794497e-05 4.794497e-05 6.234956e-03 3.695256e-02 1.675637e-01 5.641404e-01 
316 2529 1.426003e-04 5.557706e-01 4.696241e-05 4.696241e-05 6.161282e-03 3.571660e-02 1.607619e-01 5.557706e-01 
317 2537 1.658205e-04 6.002353e-01 4.526746e-05 4.526746e-05 5.997152e-03 3.974415e-02 1.599359e-01 6.002353e-01 
318 2545 1.602952e-04 6.040953e-01 4.344989e-05 4.344989e-05 5.741601e-03 3.837496e-02 1.589631e-01 6.040953e-01 
319 2553 1.698298e-04 6.794182e-01 4.168520e-05 4.168520e-05 5.537729e-03 3.674017e-02 1.541606e-01 6.794182e-01 
320 2561 1.800288e-04 7.402251e-01 3.992744e-05 3.992744e-05 5.376272e-03 3.547752e-02 1.504290e-01 7.402251e-01 
321 2569 1.794932e-04 7.602044e-01 4.034655e-05 4.034655e-05 5.353650e-03 3.461772e-02 1.476881e-01 7.602044e-01 
322 2577 1.689521e-04 7.340878e-01 4.028529e-05 4.028529e-05 5.265609e-03 3.562197e-02 1.445782e-01 7.340878e-01 
323 2585 1.590257e-04 7.105249e-01 3.916131e-05 3.916131e-05 5.144574e-03 3.638790e-02 1.388330e-01 7.105249e-01 
324 2593 1.336829e-04 6.931412e-01 3.828183e-05 3.828183e-05 4.946139e-03 3.541757e-02 1.337933e-01 6.931412e-01 
325 2601 1.237469e-04 6.678278e-01 3.743433e-05 3.743433e-05 4.931374e-03 3.457827e-02 1.283021e-01 6.678278e-01 
326 2609 1.103158e-04 6.452684e-01 3.607697e-05 3.607697e-05 4.869109e-03 3.359226e-02 1.282600e-01 6.452684e-01 
327 2617 9.722270e-05 6.421582e-01 3.479490e-05 3.479490e-05 4.760458e-03 3.278953e-02 1.248522e-01 6.421582e-01 
328 2625 9.671741e-05 6.251769e-01 3.336245e-05 3.336245e-05 4.918425e-03 3.213025e-02 1.276378e-01 6.251769e-01 
329 2633 1.035866e-04 6.941495e-01 3.196806e-05 3.196806e-05 4.824825e-03 3.174789e-02 1.233547e-01 6.941495e-01 
330 2641 1.075791e-04 7.253252e-01 3.067517e-05 3.067517e-05 4.660730e-03 3.109071e-02 1.201285e-01 7.253252e-01 
331 2649 9.560451e-05 7.109866e-01 2.944413e-05 2.944413e-05 4.488088e-03 2.989541e-02 1.185365e-01 7.109866e-01 
332 2657 9.629865e-05 6.892076e-01 2.826375e-05 2.826375e-05 4.431774e-03 3.259736e-02 1.141586e-01 6.892076e-01 
333 2665 9.079540e-05 6.673214e-01 2.745678e-05 2.745678e-05 4.380879e-03 3.242987e-02 1.100695e-01 6.673214e-01 
334 2673 7.947912e-05 6.432518e-01 2.632461e-05 2.632461e-05 4.211881e-03 3.203053e-02 1.065248e-01 6.432518e-01 
335 2681 8.523261e-05 7.296463e-01 2.533945e-05 2.533945e-05 4.084711e-03 3.191685e-02 1.059031e-01 7.296463e-01 
336 2689 9.265612e-05 7.164640e-01 2.542002e-05 2.542002e-05 4.225416e-03 3.346154e-02 1.026182e-01 7.164640e-01 
337 2697 9.662139e-05 6.904844e-01 2.498484e-05 2.498484e-05 4.157303e-03 3.334157e-02 1.067761e-01 6.904844e-01 
338 2705 1.193183e-04 6.817896e-01 2.469146e-05 2.469146e-05 4.000737e-03 3.709826e-02 1.141952e-01 6.817896e-01 
339 2713 1.326533e-04 6.881143e-01 2.395247e-05 2.395247e-05 3.836139e-03 3.992331e-02 1.107470e-01 6.881143e-01 
340 2721 1.315598e-04 6.666282e-01 2.300563e-05 2.300563e-05 3.804195e-03 3.999828e-02 1.081407e-01 6.666282e-01 
341 2729 1.310927e-04 6.623710e-01 2.216833e-05 2.216833e-05 3.747438e-03 4.171395e-02 1.115171e-01 6.623710e-01 
342 2737 1.273036e-04 6.572103e-01 2.124634e-05 2.124634e-05 3.624027e-03 4.061560e-02 1.150001e-01 6.572103e-01 
343 2745 1.208665e-04 6.432606e-01 2.042682e-05 2.042682e-05 3.520216e-03 4.206274e-02 1.142243e-01 6.432606e-01 
344 2753 1.267969e-04 6.202505e-01 1.957923e-05 1.957923e-05 3.411074e-03 4.645495e-02 1.124971e-01 6.202505e-01 
345 2761 1.331048e-04 6.063577e-01 1.882591e-05 1.882591e-05 3.721602e-03 4.846934e-02 1.138757e-01 6.063577e-01 
346 2769 1.250776e-04 6.090503e-01 1.815392e-05 1.815392e-05 3.591514e-03 4.790249e-02 1.158153e-01 6.090503e-01 
