%  columns="iteration, evaluation, sigma, axis ratio, bestever, best, median, worst fitness function value, further objective values of best" (startseed=207458, 2018/01/24 18:3:10.59)
1 9 6.167647e-01 1.214804e+00  1.192202758107929000e+03  1.192202758107929000e+03  1.331893783987422000e+03  1.560030149146482500e+03
2 17 6.060156e-01 1.278789e+00  1.116985578420840500e+03  1.116985578420840500e+03  1.232534358867328600e+03  1.479159244446062500e+03
3 25 5.685424e-01 1.292013e+00  1.099521875969466200e+03  1.099521875969466200e+03  1.238207366691361400e+03  1.280965523793490800e+03
4 33 6.208188e-01 1.486358e+00  1.089688119523129000e+03  1.089688119523129000e+03  1.238494777219601000e+03  1.355226615243298500e+03
5 41 6.473088e-01 1.618375e+00  1.025966087201978600e+03  1.025966087201978600e+03  1.191877028746099300e+03  1.409351796165637300e+03
6 49 7.203364e-01 1.771152e+00  1.015625271071130100e+03  1.015625271071130100e+03  1.106830409676298600e+03  1.320357895354060900e+03
7 57 7.164825e-01 1.864580e+00  9.751535652270074500e+02  9.751535652270074500e+02  1.131415188626506700e+03  1.232169142372090400e+03
8 65 6.757084e-01 1.908616e+00  9.751535652270074500e+02  9.769077689365505000e+02  1.110096533077176400e+03  1.178304165445079900e+03
9 73 6.374945e-01 2.008588e+00  9.743954229539735900e+02  9.743954229539735900e+02  1.112135131472270800e+03  1.315488400618460700e+03
10 81 5.648754e-01 1.993641e+00  9.729205484617068600e+02  9.729205484617068600e+02  1.002228287139071000e+03  1.399414668696648500e+03
11 89 4.878758e-01 1.990548e+00  9.729205484617068600e+02  9.754499768795035400e+02  1.051008540043644000e+03  1.363793555186239900e+03
12 97 4.459403e-01 2.005438e+00  9.729205484617068600e+02  9.763231546594059900e+02  9.857713122696484300e+02  1.040249113770745500e+03
13 105 3.584113e-01 2.012563e+00  9.729205484617068600e+02  9.735586429364018400e+02  9.814795355070962200e+02  1.016431811227658500e+03
14 113 3.028649e-01 1.993069e+00  9.729205484617068600e+02  9.746853780139256300e+02  9.831793589931123700e+02  1.040179528428025200e+03
15 121 2.782956e-01 1.987345e+00  9.729205484617068600e+02  9.789899325298296200e+02  1.060255208138612900e+03  1.306294706794690700e+03
16 129 2.342664e-01 1.980958e+00  9.729205484617068600e+02  9.745155735362697000e+02  1.189575484406008900e+03  1.315906475319027800e+03
17 137 2.151787e-01 2.003504e+00  9.729205484617068600e+02  9.776928535102357500e+02  1.284828396020055200e+03  1.311191575924423400e+03
18 145 1.910254e-01 1.998924e+00  9.729205484617068600e+02  9.772434158762799800e+02  9.798499940940605500e+02  9.834741473177267600e+02
19 153 1.856128e-01 1.990010e+00  9.729205484617068600e+02  9.746602437703817300e+02  9.791103050761164500e+02  9.828685930086162400e+02
20 161 1.977760e-01 1.852557e+00  9.729205484617068600e+02  9.765070197277067300e+02  9.819178157503668000e+02  1.287799408348849700e+03
21 169 1.836351e-01 1.913276e+00  9.729205484617068600e+02  9.758106984461927600e+02  9.775875956577081100e+02  1.095623759497143100e+03
22 177 2.002771e-01 1.953728e+00  9.716473501891371100e+02  9.716473501891371100e+02  9.785790125662042600e+02  9.840059920642862600e+02
23 185 1.888033e-01 1.985636e+00  9.716473501891371100e+02  9.733955796221325700e+02  9.840513795096712800e+02  1.146564102892640700e+03
24 193 1.588072e-01 1.956597e+00  9.716473501891371100e+02  9.737839258300865600e+02  9.777409992839431000e+02  1.089849623934763300e+03
25 201 1.561576e-01 2.012038e+00  9.715386284255196200e+02  9.715386284255196200e+02  9.751645002374159500e+02  9.776519198734212100e+02
26 209 1.389734e-01 1.998291e+00  9.715386284255196200e+02  9.719709033977792400e+02  9.765600589896562300e+02  1.280821942812185400e+03
27 217 1.464757e-01 1.996153e+00  9.702980696645386200e+02  9.702980696645386200e+02  9.739777332323458300e+02  9.754254712565129900e+02
28 225 1.222729e-01 1.979046e+00  9.702980696645386200e+02  9.714568611961158200e+02  9.745660646735369700e+02  1.086347409211255600e+03
29 233 1.024310e-01 1.985112e+00  9.702980696645386200e+02  9.721394465806071100e+02  9.771703228374266200e+02  1.092058834045549700e+03
30 241 8.479188e-02 1.982095e+00  9.702980696645386200e+02  9.717554893076040800e+02  9.726909440211163700e+02  9.814894563336143800e+02
31 249 7.681203e-02 1.972984e+00  9.702980696645386200e+02  9.717628344052784500e+02  9.729471705442008400e+02  9.817744834345817300e+02
32 257 7.182754e-02 1.971627e+00  9.702980696645386200e+02  9.719597471754733500e+02  9.758102043960902800e+02  1.090564674788972500e+03
33 265 6.267188e-02 2.014054e+00  9.623105560900855800e+02  9.623105560900855800e+02  9.728291800580008200e+02  9.762323481981377400e+02
34 273 5.622048e-02 2.091467e+00  9.623105560900855800e+02  9.637180611529936400e+02  9.719327818325907600e+02  1.087864305826709100e+03
35 281 5.378264e-02 2.053740e+00  9.623105560900855800e+02  9.649543312229726600e+02  9.735183839372011800e+02  1.089846396121939100e+03
36 289 5.513992e-02 2.147774e+00  9.623105560900855800e+02  9.722715054393418100e+02  9.749983189917578600e+02  1.088378859950737000e+03
37 297 5.059000e-02 2.080393e+00  9.623105560900855800e+02  9.716384415974005200e+02  9.718298937756666200e+02  9.732793402252010500e+02
38 305 4.685949e-02 2.194682e+00  9.623105560900855800e+02  9.715320915258646400e+02  9.717832937646187500e+02  9.722134153466686300e+02
39 313 4.866780e-02 2.509207e+00  9.623105560900855800e+02  9.685224957331130300e+02  9.717694789514384900e+02  9.730220871612021900e+02
40 321 5.652106e-02 2.706468e+00  9.623105560900855800e+02  9.645757542420082000e+02  9.731743117282717300e+02  1.018549032027933800e+03
41 329 6.442773e-02 2.874713e+00  9.623105560900855800e+02  9.657253138095867400e+02  9.727951018745238800e+02  9.800701473706445800e+02
42 337 6.356523e-02 2.768551e+00  9.623105560900855800e+02  9.674677434132104300e+02  9.753092061447381400e+02  9.872947398226101500e+02
43 345 5.423183e-02 2.743624e+00  9.623105560900855800e+02  9.711517979139706500e+02  9.788997215783099400e+02  1.086378577073771600e+03
44 353 4.870574e-02 2.733233e+00  9.623105560900855800e+02  9.676840200521439800e+02  9.744890007854367000e+02  9.806977661365994000e+02
45 361 4.087169e-02 2.776453e+00  9.623105560900855800e+02  9.694303839792600000e+02  9.744188879860946600e+02  9.800588082560685700e+02
46 369 3.924700e-02 2.880043e+00  9.623105560900855800e+02  9.650699509395187800e+02  9.694837781664545000e+02  9.767945040815546900e+02
47 377 4.452269e-02 2.973397e+00  9.623105560900855800e+02  9.647958986562407500e+02  9.668354575597811600e+02  9.786948189192464700e+02
48 385 3.677736e-02 3.038350e+00  9.623105560900855800e+02  9.626139090108650900e+02  9.720851121713243400e+02  1.007165527269708400e+03
49 393 3.461640e-02 3.044949e+00  9.623105560900855800e+02  9.641758307327679600e+02  9.708038146924553800e+02  1.084057962493263200e+03
50 401 2.971515e-02 2.985530e+00  9.623105560900855800e+02  9.653693898237875100e+02  9.703052181981920500e+02  1.087070408971872700e+03
51 409 2.623194e-02 2.826943e+00  9.623105560900855800e+02  9.645160041099954900e+02  9.683726901793380600e+02  9.749262130231089700e+02
52 417 2.791363e-02 3.040808e+00  9.599124273575961300e+02  9.599124273575961300e+02  9.673304849437533900e+02  9.753115924853389100e+02
53 425 3.029220e-02 3.153735e+00  9.599124273575961300e+02  9.626257837359457900e+02  9.715077937458693200e+02  1.025280713612279400e+03
54 433 2.953892e-02 3.161078e+00  9.599124273575961300e+02  9.642170371930545800e+02  9.678850036760986800e+02  9.759687461697088800e+02
55 441 2.599187e-02 3.210262e+00  9.599124273575961300e+02  9.620943812749818600e+02  9.691485056654439600e+02  9.780398358201509800e+02
56 449 2.287522e-02 3.405819e+00  9.599124273575961300e+02  9.621093519780348500e+02  9.670990942510361500e+02  9.739982374354706300e+02
57 457 2.431059e-02 3.426943e+00  9.599124273575961300e+02  9.625250453616698700e+02  9.667691715821256400e+02  9.839529423793339900e+02
58 465 2.583164e-02 3.494009e+00  9.599124273575961300e+02  9.611880190034366900e+02  9.695447082927030400e+02  9.794397053268421600e+02
59 473 2.511989e-02 3.574820e+00  9.599124273575961300e+02  9.626665349977375900e+02  9.706210293380484000e+02  9.783522157313377600e+02
60 481 2.269661e-02 3.611947e+00  9.599124273575961300e+02  9.615070365591925600e+02  9.641933109801182100e+02  9.894780552186723500e+02
61 489 2.230993e-02 3.600601e+00  9.599124273575961300e+02  9.621790106962371300e+02  9.687911282782797600e+02  1.002679321887012100e+03
62 497 2.233862e-02 3.589087e+00  9.599124273575961300e+02  9.610985639897968400e+02  9.628783656516353600e+02  9.801832887760651800e+02
63 505 1.887861e-02 3.601989e+00  9.599124273575961300e+02  9.611994522226531200e+02  9.623053141517234500e+02  9.777069438150160700e+02
64 513 1.820912e-02 3.664328e+00  9.599124273575961300e+02  9.605959452948176200e+02  9.650841529363106000e+02  9.718846142693859100e+02
65 521 1.677371e-02 3.878773e+00  9.598475612724852200e+02  9.598475612724852200e+02  9.625909963293141800e+02  9.731352388841423800e+02
66 529 1.700130e-02 3.913858e+00  9.598475612724852200e+02  9.603356825509790700e+02  9.620370705722040200e+02  1.084441315514565800e+03
67 537 1.473840e-02 4.075271e+00  9.588665388924156300e+02  9.588665388924156300e+02  9.623075833519692400e+02  9.763248070827731900e+02
68 545 1.328751e-02 4.159551e+00  9.588665388924156300e+02  9.607702591404416800e+02  9.633385795986225700e+02  9.766773845406619300e+02
69 553 1.223862e-02 4.387747e+00  9.588665388924156300e+02  9.598845198264980400e+02  9.618114664003327300e+02  9.796201486494518300e+02
70 561 1.109931e-02 4.545490e+00  9.588665388924156300e+02  9.602735297098574800e+02  9.637871640916387200e+02  9.723497324299924000e+02
71 569 1.071523e-02 4.544112e+00  9.588665388924156300e+02  9.592604171196003300e+02  9.605502587785002800e+02  9.678641794222502300e+02
72 577 9.848904e-03 4.750871e+00  9.588665388924156300e+02  9.592902750729908800e+02  9.629754203116376600e+02  9.714736933278478500e+02
73 585 8.480374e-03 4.734517e+00  9.588665388924156300e+02  9.607950257123517300e+02  9.616175172222394800e+02  9.667152824361244300e+02
74 593 8.809433e-03 4.789264e+00  9.588665388924156300e+02  9.599717910125668800e+02  9.623649590931188400e+02  9.804021562680413800e+02
75 601 8.610303e-03 4.806995e+00  9.588665388924156300e+02  9.599913039443434900e+02  9.613820320711572500e+02  9.717202824386748700e+02
76 609 7.433440e-03 5.055108e+00  9.588665388924156300e+02  9.599793196256902100e+02  9.606010857096032400e+02  9.661336209610849400e+02
77 617 6.744604e-03 5.147724e+00  9.588665388924156300e+02  9.594595906826734800e+02  9.605553970382163700e+02  9.635847694916999400e+02
78 625 5.817226e-03 5.252339e+00  9.588665388924156300e+02  9.595722960821799500e+02  9.603551292595755100e+02  9.667905468006741800e+02
79 633 6.664652e-03 5.370050e+00  9.588665388924156300e+02  9.593051180239981500e+02  9.599699926916875900e+02  9.630923448742097400e+02
80 641 7.144803e-03 5.709512e+00  9.588665388924156300e+02  9.592056454410098900e+02  9.601578079251930800e+02  9.715099127244150200e+02
81 649 7.127912e-03 6.059343e+00  9.588665388924156300e+02  9.593327277169535100e+02  9.612520021949428600e+02  9.715135419983677100e+02
82 657 6.003152e-03 6.185009e+00  9.588665388924156300e+02  9.594426625736209600e+02  9.606195233588177900e+02  9.717336486712921400e+02
83 665 6.638585e-03 6.258595e+00  9.588665388924156300e+02  9.591393477770203600e+02  9.596419304305661600e+02  9.641316747972407500e+02
84 673 6.184085e-03 6.300928e+00  9.588665388924156300e+02  9.590129222928383100e+02  9.691221346902677900e+02  1.083808380272101700e+03
85 681 5.600444e-03 6.387577e+00  9.588665388924156300e+02  9.590500060966519400e+02  9.619590631296192700e+02  9.719021787551874900e+02
86 689 4.571995e-03 6.516660e+00  9.588665388924156300e+02  9.591358025995791600e+02  9.597166424386330200e+02  9.672013089323990000e+02
87 697 4.968107e-03 7.294191e+00  9.588665388924156300e+02  9.593029232658677800e+02  9.604219972627549900e+02  9.641865733421127500e+02
88 705 5.250841e-03 7.361538e+00  9.588665388924156300e+02  9.589555819645662500e+02  9.597857795605546000e+02  9.608126046790948700e+02
89 713 5.410393e-03 7.881098e+00  9.588665388924156300e+02  9.589211140680030200e+02  9.603458116707928400e+02  9.658547863653068400e+02
90 721 5.108564e-03 8.386607e+00  9.588665388924156300e+02  9.592212300640933300e+02  9.601797393515395200e+02  9.765605713497002400e+02
91 729 4.869720e-03 9.085839e+00  9.588665388924156300e+02  9.590704514997089500e+02  9.594886031394634100e+02  9.654518748289482300e+02
92 737 4.768735e-03 9.167049e+00  9.588665388924156300e+02  9.591277311107209000e+02  9.592255054288314100e+02  9.654877577884781200e+02
93 745 4.227656e-03 9.324336e+00  9.588665388924156300e+02  9.594239249459326400e+02  9.609627245132062400e+02  9.657583725602736400e+02
94 753 3.765955e-03 9.665836e+00  9.588665388924156300e+02  9.591046872646065800e+02  9.597801493858404500e+02  9.638741384079284000e+02
95 761 3.661414e-03 9.758583e+00  9.588665388924156300e+02  9.590711754636003000e+02  9.594270857084200100e+02  9.647140385568761800e+02
96 769 3.781831e-03 9.866025e+00  9.588665388924156300e+02  9.590056434647164000e+02  9.596510633834468500e+02  9.626176917999174500e+02
97 777 3.839609e-03 1.051202e+01  9.588665388924156300e+02  9.589530291013474000e+02  9.595647993528471000e+02  9.607529917782103400e+02
98 785 3.954083e-03 1.152267e+01  9.588665388924156300e+02  9.589961161405979100e+02  9.591529936401395800e+02  9.614959635024960100e+02
99 793 4.331949e-03 1.290706e+01  9.588665388924156300e+02  9.590155301344963200e+02  9.597273758771410700e+02  1.024549856786768300e+03
100 801 4.732247e-03 1.449502e+01  9.588665388924156300e+02  9.593381706370453200e+02  9.594141525998732000e+02  9.699981938746733500e+02
101 809 4.429586e-03 1.500710e+01  9.588665388924156300e+02  9.590307676689379800e+02  9.595260267697729000e+02  9.610484369033404200e+02
102 817 4.293245e-03 1.452937e+01  9.588665388924156300e+02  9.590328765013973700e+02  9.596766619532534200e+02  9.605834977127307200e+02
103 825 3.981904e-03 1.521488e+01  9.588665388924156300e+02  9.591291406987314800e+02  9.592444476799710200e+02  9.594520355358544100e+02
104 833 4.281904e-03 1.523608e+01  9.588665388924156300e+02  9.588953026123003800e+02  9.592431662587243900e+02  9.598844283956018400e+02
105 841 4.936315e-03 1.564106e+01  9.588665388924156300e+02  9.589380705051052000e+02  9.597166658716951100e+02  9.618902707162917500e+02
106 849 5.846931e-03 1.870407e+01  9.588665388924156300e+02  9.590104630579269300e+02  9.595663144722465200e+02  9.612787961397619900e+02
107 857 7.044487e-03 2.245065e+01  9.588349651231286500e+02  9.588349651231286500e+02  9.603873438618213600e+02  9.652339819379251400e+02
108 865 6.767039e-03 2.314883e+01  9.588349651231286500e+02  9.590893332785561800e+02  9.612569036986867600e+02  9.765436450034638900e+02
109 873 6.379807e-03 2.413319e+01  9.588349651231286500e+02  9.591264106114123300e+02  9.592509292753983300e+02  9.715396573387013200e+02
110 881 5.724424e-03 2.440151e+01  9.588349651231286500e+02  9.590296571079441000e+02  9.593372760494558000e+02  9.668762612026132500e+02
111 889 6.061464e-03 2.678811e+01  9.588349651231286500e+02  9.590830780768627600e+02  9.593964985518084600e+02  9.607724654198930200e+02
112 897 6.884099e-03 2.886404e+01  9.588349651231286500e+02  9.591331161905877700e+02  9.593892249788556200e+02  9.596679492444509400e+02
113 905 7.425111e-03 3.022324e+01  9.588349651231286500e+02  9.589838913584858300e+02  9.597684761523388500e+02  9.642849322645666900e+02
114 913 6.648822e-03 3.072360e+01  9.588349651231286500e+02  9.588691008757840600e+02  9.592323528669810500e+02  9.714754686269807300e+02
115 921 6.076361e-03 3.192733e+01  9.588349651231286500e+02  9.589208964880507400e+02  9.592651734027460900e+02  9.872194079962949900e+02
116 929 6.846375e-03 3.295492e+01  9.588349651231286500e+02  9.591078715680258700e+02  9.594356985277802300e+02  1.083576057987347200e+03
117 937 6.146357e-03 3.311969e+01  9.588349651231286500e+02  9.591113469481856600e+02  9.593519582702556400e+02  9.803488687767894600e+02
118 945 5.152823e-03 3.423876e+01  9.588349651231286500e+02  9.590189804387812300e+02  9.592691938997298800e+02  9.613375748842270200e+02
119 953 5.281118e-03 3.833624e+01  9.588349651231286500e+02  9.589053024452299500e+02  9.592321595376188300e+02  9.596440796058918700e+02
120 961 5.220445e-03 3.853692e+01  9.588349651231286500e+02  9.590305892958886000e+02  9.591824204742822500e+02  9.601758816255304500e+02
121 969 4.350633e-03 3.846615e+01  9.588349651231286500e+02  9.589302444939172600e+02  9.591442605764946200e+02  9.603465952151146900e+02
122 977 3.951411e-03 3.866514e+01  9.588349651231286500e+02  9.588849184038923600e+02  9.592131898089619400e+02  9.600267451150875800e+02
123 985 4.211155e-03 4.634929e+01  9.588349651231286500e+02  9.589049030963860800e+02  9.591015069163714800e+02  9.600595591822731200e+02
124 993 3.983175e-03 4.751386e+01  9.588104194358406900e+02  9.588104194358406900e+02  9.590501248397946500e+02  9.594613757118011100e+02
125 1001 4.029899e-03 4.811905e+01  9.588104194358406900e+02  9.588572640539551900e+02  9.591451842767360200e+02  9.595815893619384300e+02
126 1009 4.024992e-03 4.918305e+01  9.588053928570734600e+02  9.588053928570734600e+02  9.591023087802502700e+02  9.598811856943772200e+02
127 1017 3.751235e-03 5.254754e+01  9.588053928570734600e+02  9.588325333057518900e+02  9.590669388282727800e+02  9.676419058428739400e+02
128 1025 3.790406e-03 5.497454e+01  9.587172492294724900e+02  9.587172492294724900e+02  9.592610417479459100e+02  9.596300230840939800e+02
129 1033 4.191660e-03 5.736302e+01  9.587172492294724900e+02  9.588256697458982700e+02  9.590462864976150300e+02  9.605245043908005300e+02
130 1041 4.164688e-03 5.738617e+01  9.587172492294724900e+02  9.587607843056341600e+02  9.590546814968240600e+02  1.015036753424225700e+03
131 1049 4.406285e-03 5.738129e+01  9.587172492294724900e+02  9.587371279094181800e+02  9.588789022939907900e+02  9.750401375360190700e+02
132 1057 3.691259e-03 5.765051e+01  9.587172492294724900e+02  9.587990067571362300e+02  9.591043073787498100e+02  1.182472173086028800e+03
133 1065 3.326574e-03 5.997505e+01  9.587172492294724900e+02  9.587191667186754100e+02  9.588250752856261000e+02  9.593686492262008900e+02
134 1073 2.972240e-03 6.243856e+01  9.587125876016166300e+02  9.587125876016166300e+02  9.590378220799842700e+02  9.714678477784183300e+02
135 1081 2.563807e-03 6.342175e+01  9.586999074167123400e+02  9.586999074167123400e+02  9.588729841938804800e+02  9.591897029270917300e+02
136 1089 2.567119e-03 6.519245e+01  9.586962675777917900e+02  9.586962675777917900e+02  9.588262080845249800e+02  9.600416266541892600e+02
137 1097 2.244311e-03 6.645162e+01  9.586962675777917900e+02  9.587114900808437600e+02  9.587754962578590000e+02  9.714662636062252000e+02
138 1105 1.969414e-03 6.677874e+01  9.586863786330767400e+02  9.586863786330767400e+02  9.588347683489662400e+02  9.714631265732676900e+02
139 1113 1.766354e-03 6.877982e+01  9.586863786330767400e+02  9.586893650486794100e+02  9.587446925215931500e+02  9.589245533397678400e+02
140 1121 1.839533e-03 6.979353e+01  9.586756762548878900e+02  9.586756762548878900e+02  9.587470957619123100e+02  9.710663121827685700e+02
141 1129 1.787913e-03 7.349799e+01  9.586756762548878900e+02  9.587116658732611500e+02  9.588834295254394000e+02  9.628154139620481800e+02
142 1137 1.535122e-03 7.275038e+01  9.586756762548878900e+02  9.587016389843222400e+02  9.587522593271764900e+02  9.589406413977276300e+02
143 1145 1.407325e-03 7.293767e+01  9.586756762548878900e+02  9.586781556457853000e+02  9.587485986324461500e+02  9.587904953562875800e+02
144 1153 1.462910e-03 7.591788e+01  9.586593518352333400e+02  9.586593518352333400e+02  9.587287280306145500e+02  9.592623033903480500e+02
145 1161 1.666127e-03 7.663080e+01  9.586512129623521300e+02  9.586512129623521300e+02  9.587165677944267400e+02  9.589690354774151000e+02
146 1169 1.797738e-03 7.637246e+01  9.586512129623521300e+02  9.586520083324165900e+02  9.589220948377734400e+02  9.605689865686395000e+02
147 1177 1.711922e-03 7.805920e+01  9.586261136705737700e+02  9.586261136705737700e+02  9.587262417892836800e+02  9.714660956601978800e+02
148 1185 1.896712e-03 8.056991e+01  9.586261136705737700e+02  9.586687906814739800e+02  9.588042154245110900e+02  9.588729180283372700e+02
149 1193 1.682484e-03 8.160396e+01  9.586261136705737700e+02  9.586362653989301600e+02  9.592926408245084500e+02  1.274643930617705100e+03
150 1201 1.605827e-03 8.608259e+01  9.586261136705737700e+02  9.586474076342725500e+02  1.036460116911960100e+03  1.274646534269448000e+03
151 1209 1.545748e-03 8.547947e+01  9.586261136705737700e+02  9.589745444419138500e+02  1.153857313630225200e+03  1.274699648135248000e+03
152 1217 1.503439e-03 8.503656e+01  9.586261136705737700e+02  9.586283881726857300e+02  9.589383836872134500e+02  1.274613896422471500e+03
153 1225 1.296093e-03 8.556266e+01  9.586261136705737700e+02  9.586351010615203400e+02  9.587419584205367800e+02  9.932438305020874600e+02
154 1233 1.142132e-03 8.570164e+01  9.586261136705737700e+02  9.586509290936262500e+02  9.591415878272091500e+02  1.059817220472352600e+03
155 1241 1.110157e-03 9.018921e+01  9.586261136705737700e+02  9.586727464484022200e+02  9.587289441794044900e+02  9.590730869875710600e+02
156 1249 1.179416e-03 9.220513e+01  9.586261136705737700e+02  9.586795940669459200e+02  9.587435814427916500e+02  9.594513326151447900e+02
157 1257 9.854353e-04 9.329425e+01  9.586261136705737700e+02  9.586577560016205600e+02  9.587191881797582500e+02  9.587583917605564900e+02
158 1265 9.663520e-04 8.926348e+01  9.586261136705737700e+02  9.586482245726336900e+02  9.586749605166410200e+02  9.589403977694845500e+02
159 1273 8.791536e-04 9.469383e+01  9.586261136705737700e+02  9.586560924034090500e+02  9.586832931309743300e+02  9.589686386366269100e+02
160 1281 8.590561e-04 1.048055e+02  9.586261136705737700e+02  9.586617150028524700e+02  9.586720728673790300e+02  9.587233244483197700e+02
161 1289 8.746156e-04 1.094390e+02  9.586261136705737700e+02  9.586559113986419300e+02  9.586689578220467600e+02  9.587231219203627000e+02
162 1297 1.059382e-03 1.383942e+02  9.586261136705737700e+02  9.586477523093943800e+02  9.586614424515339600e+02  9.587125439245934300e+02
163 1305 1.418227e-03 1.489284e+02  9.586261136705737700e+02  9.586382566078277700e+02  9.586666277618917300e+02  9.587630978033960200e+02
164 1313 1.456308e-03 1.493837e+02  9.586234980951659300e+02  9.586234980951659300e+02  9.588017653405595400e+02  1.274635706105556400e+03
165 1321 1.516174e-03 1.501879e+02  9.586234980951659300e+02  9.586356488993656100e+02  9.590744567526599000e+02  1.274596649226937900e+03
166 1329 1.254683e-03 1.481161e+02  9.586234980951659300e+02  9.586416483882950400e+02  9.587155884875871800e+02  9.596689648449182600e+02
167 1337 1.132267e-03 1.535198e+02  9.586234980951659300e+02  9.586456501817710900e+02  9.587344388949516100e+02  9.642488457528851300e+02
168 1345 9.606290e-04 1.535438e+02  9.586234980951659300e+02  9.586250095943200900e+02  9.586488733887861100e+02  9.587484038211283600e+02
169 1353 9.391213e-04 1.538797e+02  9.586234980951659300e+02  9.586284268896512200e+02  9.586877966056356400e+02  1.008571755652974200e+03
170 1361 9.829202e-04 1.714529e+02  9.586234980951659300e+02  9.586354524685464200e+02  9.586485729506007400e+02  9.586963344925119400e+02
171 1369 1.056438e-03 1.965266e+02  9.586234980951659300e+02  9.586318096724688800e+02  9.586447100062559900e+02  9.586678501069989100e+02
172 1377 9.587152e-04 2.002709e+02  9.586234980951659300e+02  9.586294358881964400e+02  9.586612176265867900e+02  9.588627030893022700e+02
173 1385 8.887937e-04 2.069923e+02  9.586234980951659300e+02  9.586237444840610400e+02  9.586668183737538100e+02  9.587509457592132100e+02
174 1393 8.670556e-04 2.093290e+02  9.586205817061082800e+02  9.586205817061082800e+02  9.586571799976409200e+02  9.587021383428946100e+02
175 1401 7.779250e-04 2.140223e+02  9.586205817061082800e+02  9.586249290901713500e+02  9.586281557535676300e+02  9.589163531133846200e+02
176 1409 7.354813e-04 2.182684e+02  9.586205817061082800e+02  9.586233545670355600e+02  9.586332076448227300e+02  9.589474378076720300e+02
177 1417 7.724354e-04 2.236044e+02  9.586205817061082800e+02  9.586257823662020900e+02  9.586376827411568200e+02  9.588206384625715400e+02
178 1425 7.911894e-04 2.258740e+02  9.586205817061082800e+02  9.586282281397643600e+02  9.586487297356150100e+02  9.589450811719548300e+02
179 1433 8.706944e-04 2.274886e+02  9.586205817061082800e+02  9.586237218122411200e+02  9.586545518223451800e+02  9.586896275512397100e+02
180 1441 9.027691e-04 2.289436e+02  9.586205817061082800e+02  9.586258610368233800e+02  9.586404584009724200e+02  9.586983203033843200e+02
181 1449 8.750705e-04 2.523361e+02  9.586198565733739100e+02  9.586198565733739100e+02  9.586560054979631800e+02  9.589026577068565300e+02
182 1457 8.336071e-04 2.658073e+02  9.586198565733739100e+02  9.586211331314858600e+02  9.586614847913772300e+02  9.661801128731132200e+02
183 1465 8.763675e-04 2.737016e+02  9.586198565733739100e+02  9.586215007281878100e+02  9.586387245490427600e+02  1.009074271447281400e+03
184 1473 8.761551e-04 2.913992e+02  9.586198565733739100e+02  9.586233340062427700e+02  9.586327382109161600e+02  9.586986220328304900e+02
185 1481 8.747638e-04 3.183005e+02  9.586198565733739100e+02  9.586234150129771500e+02  9.586389850781486100e+02  9.587595043649756700e+02
186 1489 7.960743e-04 3.153365e+02  9.586198565733739100e+02  9.586279491573712900e+02  9.586494460684602900e+02  9.586943769375300200e+02
187 1497 8.295874e-04 3.393686e+02  9.586198565733739100e+02  9.586212719716177200e+02  9.586344323272480800e+02  9.586798709562020800e+02
188 1505 8.451136e-04 3.392371e+02  9.586174347275307400e+02  9.586174347275307400e+02  9.586351689586047100e+02  9.586845611072385500e+02
189 1513 8.987652e-04 3.492854e+02  9.586167416796003000e+02  9.586167416796003000e+02  9.586348194456386400e+02  9.587216794886701300e+02
190 1521 1.072258e-03 3.842231e+02  9.586129831357050100e+02  9.586129831357050100e+02  9.586461811532082000e+02  9.587848158986603300e+02
191 1529 1.227215e-03 4.313231e+02  9.586129831357050100e+02  9.586200819995051500e+02  9.586254008151340700e+02  9.586389119449817100e+02
192 1537 1.569395e-03 4.733210e+02  9.586129831357050100e+02  9.586249777395053100e+02  9.586463666955571600e+02  9.586727106675026600e+02
193 1545 1.660340e-03 4.746988e+02  9.586129831357050100e+02  9.586171216800682900e+02  9.586410512131190000e+02  9.591364106334425500e+02
194 1553 1.902399e-03 4.867274e+02  9.586129831357050100e+02  9.586373778127674500e+02  9.586881814910556200e+02  9.589054854054372800e+02
195 1561 1.911461e-03 4.996116e+02  9.586129831357050100e+02  9.586192105262030100e+02  9.586464482378484000e+02  9.587878700363971800e+02
196 1569 1.911500e-03 5.385230e+02  9.586129831357050100e+02  9.586254038003346500e+02  9.586344054794640200e+02  9.587062715070214800e+02
197 1577 2.154268e-03 5.852882e+02  9.586129831357050100e+02  9.586212271408272700e+02  9.586935083544383400e+02  9.587633110579810100e+02
198 1585 2.294477e-03 6.026021e+02  9.586129831357050100e+02  9.586281968807752500e+02  9.586590013101144900e+02  9.596286821709680900e+02
199 1593 2.379216e-03 5.968671e+02  9.586129831357050100e+02  9.586402562900583500e+02  9.586608625134099400e+02  9.587922150215179000e+02
200 1601 2.315160e-03 6.034767e+02  9.586129831357050100e+02  9.586350446159070800e+02  9.586558900884255100e+02  9.586967608113839100e+02
201 1609 1.950189e-03 6.046855e+02  9.586129831357050100e+02  9.586359911172487500e+02  9.586734437318757500e+02  9.634895190533172800e+02
202 1617 2.108988e-03 6.126367e+02  9.586056274155794200e+02  9.586056274155794200e+02  9.586584236286339500e+02  9.587392455696846100e+02
203 1625 2.069497e-03 6.487044e+02  9.586056274155794200e+02  9.586193253377823600e+02  9.586392770614231700e+02  9.714604537991097000e+02
204 1633 2.333503e-03 7.530720e+02  9.586056274155794200e+02  9.586342993991224800e+02  9.586476317437673100e+02  9.589133795672805700e+02
205 1641 2.915510e-03 8.022742e+02  9.586056274155794200e+02  9.586249335372219800e+02  9.586650810222029100e+02  9.586908190881341600e+02
206 1649 3.675880e-03 8.101150e+02  9.586056274155794200e+02  9.586207032414515700e+02  9.586800500874636600e+02  9.714585142300071500e+02
207 1657 4.242761e-03 8.522749e+02  9.586023963807331300e+02  9.586023963807331300e+02  9.586730159715022000e+02  9.597112547805986700e+02
208 1665 5.069374e-03 1.007227e+03  9.586023963807331300e+02  9.586489365842331800e+02  9.586737756779880300e+02  9.663300658639991500e+02
209 1673 5.874437e-03 1.144710e+03  9.586023963807331300e+02  9.586336822719235900e+02  9.586896757004258200e+02  9.714554785380846600e+02
210 1681 6.822768e-03 1.334441e+03  9.586023963807331300e+02  9.586441522518192600e+02  9.587199567588081700e+02  9.714587186776630000e+02
211 1689 7.183399e-03 1.314467e+03  9.586023963807331300e+02  9.586393327492979800e+02  9.586756469580091100e+02  9.587492142802658500e+02
212 1697 7.518461e-03 1.341508e+03  9.586023963807331300e+02  9.586681654690970600e+02  9.587134611108476700e+02  9.714548695392157900e+02
213 1705 8.173587e-03 1.336630e+03  9.586023963807331300e+02  9.586341082007475100e+02  9.587037277395882000e+02  9.587907767765042300e+02
214 1713 9.041984e-03 1.375890e+03  9.586023963807331300e+02  9.586335847295603100e+02  9.586896551253447600e+02  9.587688515611557700e+02
215 1721 1.215061e-02 1.589142e+03  9.586023963807331300e+02  9.586660008996283300e+02  9.586905989887241000e+02  9.714577537113721100e+02
216 1729 1.716809e-02 1.594452e+03  9.586023963807331300e+02  9.586860881121508600e+02  9.587273193844599700e+02  9.592916752838172000e+02
217 1737 2.061397e-02 1.546644e+03  9.586023963807331300e+02  9.587775731603976500e+02  9.616968305178137400e+02  9.714341873897037700e+02
218 1745 2.212802e-02 1.504020e+03  9.586023963807331300e+02  9.588344882829525200e+02  9.671577014739457400e+02  9.716872333072583400e+02
219 1753 2.505582e-02 1.482722e+03  9.586023963807331300e+02  9.587558719706983100e+02  9.590318200827803100e+02  9.692246761122272600e+02
220 1761 2.290531e-02 1.512432e+03  9.586023963807331300e+02  9.587112328946959700e+02  9.589275641594716700e+02  9.705385965727008400e+02
221 1769 2.115052e-02 1.464825e+03  9.586023963807331300e+02  9.587129343641432800e+02  9.589403640883369900e+02  1.083505392669215300e+03
222 1777 1.905480e-02 1.417355e+03  9.586023963807331300e+02  9.586607481924680800e+02  9.587946131257389200e+02  9.590632440121426000e+02
223 1785 1.786542e-02 1.429476e+03  9.586023963807331300e+02  9.586870685708013300e+02  9.588482637093022700e+02  9.702109363382705900e+02
224 1793 1.736560e-02 1.472415e+03  9.586023963807331300e+02  9.586541586057890100e+02  9.587384102802170700e+02  9.596328571389327600e+02
225 1801 1.577156e-02 1.490291e+03  9.585827131015634000e+02  9.585827131015634000e+02  9.643855995617348100e+02  9.722784451786536700e+02
226 1809 1.424892e-02 1.484161e+03  9.585827131015634000e+02  9.585995428415659500e+02  9.590656566890799000e+02  1.058438419119590700e+03
227 1817 1.450451e-02 1.565633e+03  9.585827131015634000e+02  9.586163528930312600e+02  9.586535234366380100e+02  9.587937848127145300e+02
228 1825 1.339383e-02 1.576110e+03  9.585754227777040300e+02  9.585754227777040300e+02  9.607651775777228500e+02  9.727884329542068800e+02
229 1833 1.212522e-02 1.507459e+03  9.585754227777040300e+02  9.586304726953375200e+02  9.599062801061982100e+02  9.714336648567239100e+02
230 1841 1.037570e-02 1.558475e+03  9.585754227777040300e+02  9.585936378067068500e+02  9.587038905419166200e+02  9.714266170097023400e+02
231 1849 9.373464e-03 1.580851e+03  9.585754227777040300e+02  9.586070798307046100e+02  9.587260730230699400e+02  9.714272552351645800e+02
232 1857 8.148513e-03 1.571037e+03  9.585754227777040300e+02  9.586228386588762800e+02  9.586616460848289300e+02  9.588116142344506400e+02
233 1865 7.672261e-03 1.594040e+03  9.585754227777040300e+02  9.585795031798300000e+02  9.586442688768586300e+02  9.590964995810951500e+02
234 1873 7.527024e-03 1.743033e+03  9.585754227777040300e+02  9.585871771722411300e+02  9.586573307260679300e+02  9.588025605061593500e+02
235 1881 8.454202e-03 1.888143e+03  9.585754227777040300e+02  9.585939272212027600e+02  9.586060941996012200e+02  9.608267868530542700e+02
236 1889 7.495683e-03 1.939407e+03  9.585754227777040300e+02  9.585768037555609500e+02  9.600266141051771500e+02  9.714278327603938100e+02
237 1897 7.596245e-03 2.006930e+03  9.585754227777040300e+02  9.585939619316582100e+02  9.586611517820341500e+02  9.714272098814190000e+02
238 1905 7.095641e-03 2.041072e+03  9.585754227777040300e+02  9.586311879333039800e+02  9.586418616294022300e+02  9.586824189488634100e+02
239 1913 7.564846e-03 2.106652e+03  9.585754227777040300e+02  9.586245846559101000e+02  9.586355838541632000e+02  9.681754092945086500e+02
240 1921 7.235376e-03 2.086071e+03  9.585754227777040300e+02  9.585866189126442100e+02  9.586631038035095600e+02  9.681341229104560900e+02
241 1929 5.843701e-03 2.066184e+03  9.585754227777040300e+02  9.586005616184337400e+02  9.626550395713038600e+02  9.716752584432376800e+02
242 1937 5.096954e-03 2.098172e+03  9.585754227777040300e+02  9.585832047524768300e+02  9.586158324783480100e+02  9.704657470036061100e+02
243 1945 5.002041e-03 2.112535e+03  9.585754227777040300e+02  9.585884540350965600e+02  9.586137159212223700e+02  9.714278350774113700e+02
244 1953 4.229122e-03 2.120331e+03  9.585754227777040300e+02  9.586027017170619000e+02  9.586470021624643300e+02  9.714232987845181200e+02
245 1961 4.085253e-03 2.099171e+03  9.585754227777040300e+02  9.585917549594870500e+02  9.587741131965436800e+02  9.666477630882989200e+02
246 1969 3.650023e-03 2.141271e+03  9.585754227777040300e+02  9.585889281947522700e+02  9.586276462707822900e+02  9.682268820208281600e+02
247 1977 3.550159e-03 2.090015e+03  9.585754227777040300e+02  9.585835664541917800e+02  9.585920604012226200e+02  9.586607413957564200e+02
248 1985 3.272272e-03 2.076182e+03  9.585754227777040300e+02  9.585808337282404600e+02  9.585961013083949600e+02  9.614394258807951700e+02
249 1993 3.197666e-03 2.142618e+03  9.585718159770340200e+02  9.585718159770340200e+02  9.585826910790734700e+02  9.586169483433851600e+02
250 2001 2.923299e-03 2.161163e+03  9.585691772086215700e+02  9.585691772086215700e+02  9.585842813492142800e+02  9.586158932155958600e+02
251 2009 2.522779e-03 2.181849e+03  9.585691772086215700e+02  9.585717315967479000e+02  9.598992144669616700e+02  9.714250211562318800e+02
252 2017 2.350258e-03 2.206253e+03  9.585662685263491800e+02  9.585662685263491800e+02  9.586263118666098500e+02  9.714223757169338600e+02
253 2025 2.064392e-03 2.125700e+03  9.585662685263491800e+02  9.586030006673091700e+02  9.650464063747580200e+02  9.714249494257640000e+02
254 2033 2.115266e-03 2.323429e+03  9.585662685263491800e+02  9.585701398105915100e+02  9.585797966728093800e+02  9.586387191127914800e+02
255 2041 2.140027e-03 2.427528e+03  9.585660496277525900e+02  9.585660496277525900e+02  9.585835659096583200e+02  9.714228897436567000e+02
256 2049 2.070416e-03 2.503134e+03  9.585644881454758200e+02  9.585644881454758200e+02  9.650003517011107300e+02  9.714240103331192100e+02
257 2057 2.100366e-03 2.537366e+03  9.585634599861538200e+02  9.585634599861538200e+02  9.585711529058323800e+02  9.655976994134609900e+02
258 2065 1.837680e-03 2.625673e+03  9.585634599861538200e+02  9.585651889375004700e+02  9.585752149469735700e+02  9.714222369852843700e+02
259 2073 1.790544e-03 2.734680e+03  9.585634599861538200e+02  9.585685545077192300e+02  9.585895791509378800e+02  9.592846950041390500e+02
260 2081 1.853781e-03 2.794113e+03  9.585634599861538200e+02  9.585687696308591500e+02  9.585735550014932200e+02  9.586871405909289500e+02
261 2089 1.652724e-03 2.814400e+03  9.585634599861538200e+02  9.585669908615748200e+02  9.585741755107457000e+02  9.587168844431685100e+02
262 2097 1.285967e-03 2.775793e+03  9.585634599861538200e+02  9.585666511755689500e+02  9.585843240312931400e+02  9.621167255483583200e+02
263 2105 1.195750e-03 2.782539e+03  9.585634599861538200e+02  9.585655883847625800e+02  9.585701236807774400e+02  9.587137231153807300e+02
264 2113 1.018594e-03 2.761112e+03  9.585634599861538200e+02  9.585666832808868800e+02  9.585863106258807400e+02  9.714225052936756100e+02
265 2121 8.963550e-04 2.750849e+03  9.585634599861538200e+02  9.585651717285961700e+02  9.585673763958461700e+02  9.586192541347912800e+02
266 2129 8.206440e-04 2.810783e+03  9.585634599861538200e+02  9.585660843002339100e+02  9.585696465016602600e+02  9.586104989010266300e+02
267 2137 6.685944e-04 2.837356e+03  9.585634599861538200e+02  9.585655241885930300e+02  9.585671755568776000e+02  9.585836578020174600e+02
268 2145 6.320085e-04 2.753910e+03  9.585634599861538200e+02  9.585646655363708500e+02  9.585659539468995300e+02  9.585687363838549100e+02
269 2153 7.733306e-04 3.545839e+03  9.585627909502611600e+02  9.585627909502611600e+02  9.585661713811944100e+02  9.588187371106512300e+02
270 2161 8.463065e-04 3.613415e+03  9.585627500858138300e+02  9.585627500858138300e+02  9.585646844354095000e+02  9.672841955115893600e+02
271 2169 7.489226e-04 3.647706e+03  9.585627500858138300e+02  9.585641772656032300e+02  9.585780596958288700e+02  9.714222449083073300e+02
272 2177 7.300306e-04 3.706337e+03  9.585627500858138300e+02  9.585629997952537500e+02  9.585654508108480100e+02  9.585721292060910600e+02
273 2185 6.848683e-04 3.703889e+03  9.585622326990414900e+02  9.585622326990414900e+02  9.585645343271389700e+02  9.586957330786365200e+02
274 2193 7.510609e-04 3.980683e+03  9.585622326990414900e+02  9.585632769154239000e+02  9.585642037560970700e+02  9.587228991201898200e+02
275 2201 8.061353e-04 3.768162e+03  9.585622326990414900e+02  9.585635567266953100e+02  9.585704639863016600e+02  9.703325247204501200e+02
276 2209 6.583257e-04 3.805642e+03  9.585622326990414900e+02  9.585623259415372100e+02  9.585649465807279100e+02  9.587024062652813000e+02
277 2217 6.292174e-04 4.174713e+03  9.585622326990414900e+02  9.585628909600641200e+02  9.585640114342494400e+02  9.714282315115679000e+02
278 2225 5.938850e-04 4.208674e+03  9.585622326990414900e+02  9.585630792337062800e+02  9.585639949740232200e+02  9.585655795840469900e+02
279 2233 5.800301e-04 4.242025e+03  9.585622326990414900e+02  9.585622368375393300e+02  9.585645506285102300e+02  9.586166956042000000e+02
280 2241 6.031019e-04 4.628291e+03  9.585622326990414900e+02  9.585628477159994000e+02  9.585639617241016600e+02  9.585889310476413800e+02
281 2249 6.387132e-04 4.793974e+03  9.585622326990414900e+02  9.585632707478668000e+02  9.585637532103630700e+02  9.585979205027540500e+02
282 2257 7.439184e-04 4.890014e+03  9.585622326990414900e+02  9.585626515535527700e+02  9.585641628005490700e+02  9.585660595125208400e+02
283 2265 6.207043e-04 4.839685e+03  9.585622326990414900e+02  9.585634277923894600e+02  9.585708748725359100e+02  9.714227283313262000e+02
284 2273 5.798619e-04 4.836676e+03  9.585620644692764900e+02  9.585620644692764900e+02  9.585636170036616500e+02  9.585811822832625900e+02
285 2281 5.486136e-04 4.984546e+03  9.585619061380718900e+02  9.585619061380718900e+02  9.585630449299066000e+02  9.586325699243799400e+02
286 2289 4.654530e-04 5.066979e+03  9.585619061380718900e+02  9.585632088055305100e+02  9.585900047999362000e+02  9.588007974195318200e+02
287 2297 4.025228e-04 5.063099e+03  9.585619061380718900e+02  9.585624587671304700e+02  9.585628747506032100e+02  9.585640740051117100e+02
288 2305 3.775758e-04 5.051657e+03  9.585617486294665900e+02  9.585617486294665900e+02  9.585629184584289500e+02  9.585637430070771600e+02
289 2313 3.598865e-04 5.131882e+03  9.585617486294665900e+02  9.585622441451038200e+02  9.585634011693835000e+02  9.586222849928971100e+02
290 2321 3.303264e-04 5.003671e+03  9.585617486294665900e+02  9.585623204676461500e+02  9.585627765848918200e+02  9.585633276903153000e+02
291 2329 2.997265e-04 4.923005e+03  9.585617486294665900e+02  9.585620665049070800e+02  9.585624617058022100e+02  9.585629777627350400e+02
292 2337 2.925096e-04 5.188266e+03  9.585615465162363800e+02  9.585615465162363800e+02  9.585622799401350000e+02  9.585786174162262800e+02
293 2345 2.877984e-04 5.220718e+03  9.585615465162363800e+02  9.585620881752624900e+02  9.585705457417764100e+02  9.585846275119415600e+02
294 2353 2.981540e-04 5.148763e+03  9.585614735182716700e+02  9.585614735182716700e+02  9.585619460379496100e+02  9.585627566950133800e+02
295 2361 2.620173e-04 5.101564e+03  9.585614735182716700e+02  9.585617841147975500e+02  9.585639120066622400e+02  9.587797632178737800e+02
296 2369 2.568010e-04 5.179503e+03  9.585614735182716700e+02  9.585616271835988300e+02  9.585618900001361500e+02  9.585786950905974200e+02
297 2377 2.360687e-04 5.253562e+03  9.585614735182716700e+02  9.585616948432466400e+02  9.585650488009476900e+02  9.586578191124861000e+02
298 2385 2.263126e-04 5.319611e+03  9.585614735182716700e+02  9.585615620973480900e+02  9.585618951629157900e+02  9.585668499736228800e+02
299 2393 2.330900e-04 5.250052e+03  9.585614597802010600e+02  9.585614597802010600e+02  9.585618698483314100e+02  9.585813594828501900e+02
300 2401 2.215932e-04 5.426140e+03  9.585614597802010600e+02  9.585614847763569100e+02  9.585619894913506900e+02  9.586226137320202300e+02
301 2409 1.868937e-04 5.405472e+03  9.585614597802010600e+02  9.585614663318990600e+02  9.585620162687732800e+02  9.714225700172355600e+02
302 2417 1.800397e-04 5.597730e+03  9.585614597802010600e+02  9.585614660035737400e+02  9.585617483532745400e+02  9.586931507977799400e+02
303 2425 1.926099e-04 6.553646e+03  9.585613926370535900e+02  9.585613926370535900e+02  9.585616327509933400e+02  9.585983793917240500e+02
304 2433 2.071992e-04 7.561936e+03  9.585613926370535900e+02  9.585615305651472200e+02  9.585619494887489500e+02  9.586248365008739300e+02
305 2441 1.968084e-04 7.715007e+03  9.585613926370535900e+02  9.585614929416328800e+02  9.585617948530496100e+02  9.585969103884546000e+02
306 2449 1.832995e-04 8.068161e+03  9.585613926370535900e+02  9.585614463909147400e+02  9.585675160183268400e+02  9.585787931797835900e+02
307 2457 1.804728e-04 8.322538e+03  9.585613926370535900e+02  9.585615989757844800e+02  9.585617522355542000e+02  9.585699042303286900e+02
308 2465 2.240434e-04 1.070136e+04  9.585613926370535900e+02  9.585615058796051900e+02  9.585616731399245500e+02  9.586697951114796300e+02
309 2473 2.103299e-04 1.118945e+04  9.585613926370535900e+02  9.585616391277046700e+02  9.585632595754373100e+02  9.714228325609640300e+02
310 2481 2.088016e-04 1.140402e+04  9.585613926370535900e+02  9.585615939129644400e+02  9.585616867523979200e+02  9.585831597846098500e+02
311 2489 2.196793e-04 1.159242e+04  9.585613670344944200e+02  9.585613670344944200e+02  9.585616760217639000e+02  9.585833233066132400e+02
312 2497 2.159726e-04 1.170066e+04  9.585613670344944200e+02  9.585615039732274500e+02  9.585644512703411200e+02  9.714227645905045800e+02
313 2505 2.013292e-04 1.214793e+04  9.585613670344944200e+02  9.585615104084286000e+02  9.585630746775179900e+02  9.586445420846556500e+02
314 2513 1.777074e-04 1.218765e+04  9.585613670344944200e+02  9.585615526307286700e+02  9.585617649931632500e+02  9.586578756529371500e+02
315 2521 1.661507e-04 1.176641e+04  9.585613670344944200e+02  9.585616103467073100e+02  9.585618266490934000e+02  9.586325528172670800e+02
316 2529 1.426003e-04 1.183437e+04  9.585613670344944200e+02  9.585614002094286000e+02  9.585617265169614700e+02  9.585751365570862400e+02
317 2537 1.658205e-04 1.325975e+04  9.585613670344944200e+02  9.585614824260127300e+02  9.585653334068554200e+02  9.585797379427212900e+02
318 2545 1.602952e-04 1.390326e+04  9.585613670344944200e+02  9.585615358020140800e+02  9.585652605176103400e+02  9.586282881709290700e+02
319 2553 1.698298e-04 1.629879e+04  9.585613670344944200e+02  9.585615376351731800e+02  9.585620563805157400e+02  9.586146112949713800e+02
320 2561 1.800288e-04 1.853926e+04  9.585613670344944200e+02  9.585614447554439700e+02  9.585616143079603300e+02  9.714228241012467600e+02
321 2569 1.794932e-04 1.884187e+04  9.585613670344944200e+02  9.585616788961773400e+02  9.589626984106239400e+02  9.714229802074846700e+02
322 2577 1.689521e-04 1.822223e+04  9.585613670344944200e+02  9.585614816584524100e+02  9.585626682391673500e+02  9.714228709427978900e+02
323 2585 1.590257e-04 1.814354e+04  9.585613670344944200e+02  9.585615680377603700e+02  9.585624929168930100e+02  9.714227628830195700e+02
324 2593 1.336829e-04 1.810627e+04  9.585613670344944200e+02  9.585614583506693400e+02  9.585655472318733200e+02  9.714228870112119700e+02
325 2601 1.237469e-04 1.783998e+04  9.585613670344944200e+02  9.585615091569009100e+02  9.585616182189817200e+02  9.585727267829681800e+02
326 2609 1.103158e-04 1.788588e+04  9.585613670344944200e+02  9.585615133462514500e+02  9.585616098288578500e+02  9.585616851080693600e+02
327 2617 9.722270e-05 1.845552e+04  9.585613670344944200e+02  9.585614836948245700e+02  9.585615914158434000e+02  9.585660109432110400e+02
328 2625 9.671741e-05 1.873894e+04  9.585613670344944200e+02  9.585615517783807000e+02  9.585616180669671800e+02  9.585776224495654100e+02
329 2633 1.035866e-04 2.171385e+04  9.585613670344944200e+02  9.585615293965718100e+02  9.585615881964788500e+02  9.585619149768372200e+02
330 2641 1.075791e-04 2.364535e+04  9.585613670344944200e+02  9.585615310431586500e+02  9.585616051432932600e+02  9.585800150282952900e+02
331 2649 9.560451e-05 2.414697e+04  9.585613670344944200e+02  9.585615234690631000e+02  9.585617169048107400e+02  9.585652064451967400e+02
332 2657 9.629865e-05 2.438486e+04  9.585613670344944200e+02  9.585615010227638800e+02  9.585616628566959900e+02  9.621980711053807900e+02
333 2665 9.079540e-05 2.430443e+04  9.585613670344944200e+02  9.585614654493737100e+02  9.585890220500064100e+02  9.714229367871726000e+02
334 2673 7.947912e-05 2.443538e+04  9.585613670344944200e+02  9.585614952751387800e+02  9.585615252232324800e+02  9.585950496696698300e+02
335 2681 8.523261e-05 2.879487e+04  9.585613670344944200e+02  9.585614725831042100e+02  9.585615412477158100e+02  9.585691021665518300e+02
336 2689 9.265612e-05 2.818502e+04  9.585613670344944200e+02  9.585618200545305900e+02  9.585804892844007600e+02  9.714228934163852500e+02
337 2697 9.662139e-05 2.763613e+04  9.585613670344944200e+02  9.585614959013130400e+02  9.585617749414715300e+02  9.586487185013537600e+02
338 2705 1.193183e-04 2.761236e+04  9.585613670344944200e+02  9.585614699925718000e+02  9.585621674761034700e+02  9.586135983911029800e+02
339 2713 1.326533e-04 2.872833e+04  9.585613670344944200e+02  9.585615348548122900e+02  9.585815026523880500e+02  9.714229064805454100e+02
340 2721 1.315598e-04 2.897674e+04  9.585613670344944200e+02  9.585615134604819300e+02  9.585616173540318000e+02  9.585746921192884400e+02
341 2729 1.310927e-04 2.987916e+04  9.585613670344944200e+02  9.585614907190794200e+02  9.585618013982901900e+02  9.714228774178686800e+02
342 2737 1.273036e-04 3.093287e+04  9.585613670344944200e+02  9.585614778819607400e+02  9.585615154210961500e+02  9.585802781742572700e+02
343 2745 1.208665e-04 3.149099e+04  9.585613670344944200e+02  9.585614902325660300e+02  9.586344032942754400e+02  9.714229200917346800e+02
344 2753 1.267969e-04 3.167900e+04  9.585613670344944200e+02  9.585614705245342300e+02  9.585629878168556400e+02  9.586145961720269500e+02
345 2761 1.331048e-04 3.220867e+04  9.585613670344944200e+02  9.585615059152797800e+02  9.585622389043252300e+02  9.590869190852997700e+02
346 2769 1.250776e-04 3.354924e+04  9.585613670344944200e+02  9.585615142558598300e+02  9.585617375878132400e+02  9.585678530360520400e+02
